  2879510

      441      406      469      399      471      401
      468      376      467      403      468    25389
     3528     1704      441     1300      446      401
      468      402      468      403      467     1276
      465      376      468      403      472      403
      468      376      462     1279      467      403
      468     1273      468     1278      468      402
      469     1268      474     1271      468     1273
      472     1275      466     1274      478      395
      439      402      467     1273      441      435
      436      434      468      376      469      402
      469      401      469      413      430      402
      468      403      469      405      437      407
      468     1273      468      403      467     1274
      467      407      438      406      436      434
      467     1285      457     1274      466      408
      435      436      435      407      468      402
      469      402      467      377      467      403
      468      407      463      408      410      434
      467      403      467      405      466      375
      468      403      468      407      463      407
      436     1305      440     1301      442     1301
      412      433      469     1272      467      403
      467     1277      437     1305      468    34916
     3519     1709      472     1286      455      407
      410      434      436      434      468     1274
      466      404      489      354      467      403
      468      402      441     1304      469      404
      439     1302      439     1297      445      402
      441     1305      468     1273      467     1291
      425     1305      467     1276      465      402
      468      401      470     1276      437      408
      435      435      467      403      469      375
      467      402      468      403      467      408
      437      406      464      407      465      405
      437      409      466     1269      472      403
      467      406      467      402      440      407
      463     1278      438      434      467      403
      468      372      472      403      466      403
      468      376      467      408      475      397
      462      407      436      408      467      403
      468      399      472      375      469     1272
      468      406      464      407      464      406
      410      445      458      403      467     1274
      467      407      463      380      464     1277
      469     1273      468      403      469    34916
     3517     1714      439     1302      471      401
      468      376      468      402      468     1274
      440      435      467      403      441      399
      471      403      467     1291      423      434
      469     1272      469     1272      468      375
      464     1282      437     1304      468     1274
      468     1272      441     1301      471      402
      467      403      467     1275      467      408
      437      406      465      407      435      433
      442      403      467      403      467      403
      469      376      467      407      464      407
      463      407      410      434      469      402
      467      416      456      375      467      403
      468      403      467      408      436     1305
      410      434      467      403      467     1270
      472      407      474      371      462     1277
      467      403      467      404      467      376
      467     1275      467      407      436     1305
      467      415      457      402      442      401
      469      406      465      406      464      382
      461      407      468      403      467      403
      441      403      467      403      468     1291
      451     1272      474     1272      468     1273
      468      406      464     1277      470      375
      466     1271      472     1272      467     1278
      437     1305      467     1273      464      412
      463      407      474      371      462      407
      467      404      469      401      441      405
      465      405      468      402      464      384
      462      407      463      408      435      436
      440     1313      429     1303      437      407
      462      405      440      434      467      376
      467      403      469      402      467      377
      467      408      462      409      462      408
      436     1301      446     1299      441      402
      468      406      464      407      437      408
      467      403      467      403      466      405
      440      403      468      407      463      407
      437      407      436      434      468      403
      468      403      440      403      463      412
      463      407      435     1308      440      402
      466      403      468      403      468      375
      468      408      462     1275      472     1274
      466      403      464      407      441      406
      464      407      463      407      436      413
      464      401      469     1272      469      403
      467      403      441      408      462      419
      453      407      436      407      463      408
      467      403      467      375      470      401
      469     1276      436      434      468     1274
      464      407      440     1305      436     1306
      439