   959363

      471      377      477      408      489      369
      473      369      496      376      498    25334
     3556     1672      494     1251      498      372
      498      372      498      346      499     1246
      494      377      471      398      499      372
      472      371      499     1242      499      376
      494     1246      499     1242      500      368
      515     1234      494     1247      498     1242
      500     1246      495     1244      498      349
      471      409      462     1269      499      371
      499      372      472      375      494      377
      491      379      473      371      471      401
      470      400      471      371      511      361
      499     1245      495      376      493     1249
      471      398      445      399      499      372
      499     1246      495     1258      460      395
      476      372      471      399      499      376
      494      377      467      376      467      403
      473      398      472      372      471      429
      535      303      500      345      494      377
      474      403      473      397      445      398
      473     1266      502     1242      497     1245
      473      399      472     1267      473      402
      468     1274      469     1273      471    34919
     3538     1691      469     1268      500      346
      497      371      499      377      494     1243
      477      397      446      398      472      398
      499      371      472     1274      468      375
      481     1261      467     1273      499      371
      499     1247      468     1273      471     1269
      496     1249      497     1246      471      399
      472      372      472     1270      499      372
      468      408      466      403      440      403
      480      391      468      402      472      372
      472      398      472      398      473      399
      445      398      473     1274      466      405
      466      403      472      371      475      396
      472     1274      467      403      466      377
      468      402      469      401      469      402
      445      399      472      398      473      403
      466      378      467      403      463      408
      467      402      441      403      473     1267
      474      401      467      404      467      375
      469      402      468      404      470     1275
      467      376      467      404      467     1272
      474     1273      467      399      471    34922
     3513     1708      478     1269      471      403
      439      404      467      403      468     1273
      472      398      469      376      471      399
      472      402      468     1273      485      386
      446     1294      445     1297      444      404
      467     1273      473     1268      473     1269
      472     1269      473     1272      472      398
      473      398      445     1300      441      403
      469      402      469      419      462      365
      467      402      468      403      472      398
      446      402      468      403      467      403
      468      376      467      402      466      406
      468      402      440      405      473      397
      471      403      441      403      467     1273
      468      403      483      388      472     1273
      467      376      470      400      468     1274
      468      402      472      400      443      401
      471      402      468     1273      467     1274
      468      403      472      372      483      392
      467      413      459      402      440      404
      466      404      467      403      467      376
      468      402      473      403      467     1273
      464     1290      455     1274      472     1274
      467      376      468     1273      464      408
      466     1275      472     1272      467     1274
      467     1273      472     1275      466      403
      468      402      441      402      468      414
      456      404      471      372      472      403
      468      429      444      402      439      403
      468      402      468      402      468      376
      468     1277      480     1261      467      404
      468      403      467      377      471      404
      467      404      466      402      441      403
      468      403      467      403      463      393
      456     1278      469     1272      468      401
      468      403      467      403      440      403
      473      403      467      403      467      377
      479      391      468      403      467      376
      469      401      469      402      474      401
      441      400      471      403      467      402
      468      376      467     1275      467      404
      471      403      467      403      442      401
      464      408      466     1274      471     1275
      467      403      467      375      468      406
      465      402      463      408      440      407
      468      403      467     1273      469      402
      440      404      471      403      467      405
      466      377      465      403      468      403
      467      402      441      403      467      408
      468      402      469     1272      470     1272
      472      375      467     1274      469     1273
      467