  1495313

      462      381      469      403      466      401
      470      401      441      403      471    25390
     3518     1713      466     1268      476      372
      472      403      467      403      467     1274
      472      372      472      399      468      403
      471      403      440     1313      428      403
      472     1269      472     1269      499      376
      468     1273      472     1269      499     1260
      454     1273      472     1265      503      376
      466      377      466     1274      471      399
      472      398      483      388      444      404
      467      403      467      403      472      372
      472      397      473      398      472      403
      440     1300      445      399      467     1290
      456      402      467      403      445      398
      473     1269      471     1274      468      403
      472      397      474      370      482      392
      468      403      467      402      440      403
      472      398      472      399      471      372
      473      402      468      402      468      402
      445      398      472      404      467      403
      440     1300      444     1297      445     1300
      441      402      468     1272      472      403
      479     1264      464     1276      472    34911
     3520     1717      466     1273      467      404
      471      371      472      402      469     1269
      482      392      467      403      440      403
      472      403      467     1274      468      402
      469     1299      445     1273      468      387
      456     1273      467     1278      436     1304
      464     1278      466     1278      468      403
      478      393      467     1277      463      381
      459      412      467      402      468      403
      441      403      466      404      467      403
      467      381      463      419      457      403
      467      400      445     1303      436      403
      468      407      462      408      467      376
      468     1272      468      400      483      396
      462      380      468      403      467      403
      467      403      441      402      468      407
      464      408      466      376      464      407
      467      404      466      404      441     1304
      436      407      467      404      467      403
      468      377      463      408      466     1279
      466      403      468      402      441     1302
      439     1304      436      405      471    34913
     3527     1704      472     1273      467      404
      468      406      435      409      467     1284
      456      402      464      412      462      381
      466      403      467     1274      467      403
      468     1277      468     1281      460      402
      441     1304      437     1304      441     1300
      441     1300      445     1300      451      392
      468      403      466     1279      466      403
      468      376      467      400      471      408
      462      380      464      407      467      402
      468      415      428      403      467      403
      467      408      463      380      463      408
      467      403      468      402      442      402
      467      403      468      407      464     1290
      456      375      465      406      467     1273
      467      408      436      407      468     1274
      468      401      469      406      465      407
      438      405      467      402      468      403
      467     1273      468      379      436      435
      468      402      468      399      445      402
      469      406      462      409      463      380
      436      434      468      402      467     1279
      462     1275      472     1272      467     1278
      435      408      467     1273      469      402
      465     1281      466     1274      466     1278
      436     1317      455     1272      469      406
      436      434      410      434      467      404
      467      403      467      377      468      402
      469      405      466      402      408      440
      466      402      468      403      468      375
      468     1277      468     1274      467      399
      472      403      467      408      435      418
      425      435      467      403      440      403
      468      403      467      408      463      380
      459     1282      466     1273      469      403
      478      397      463      407      409      434
      468      403      464      408      466      375
      468      407      463      408      435      435
      440      403      468      402      468      414
      430      403      467      404      467      407
      436      407      468     1273      468      402
      469      406      463      408      409      434
      467      406      477     1261      468     1276
      437      434      466      378      466      403
      467      404      468      407      433      411
      463      407      467     1285      456      404
      440      402      469      406      464      407
      436      407      465      407      467      402
      467      404      440      403      467      408
      463      410      465      376      468      402
      469     1267      474     1276      436     1306
      466