  1537668

      471      404      440      413      459      402
      466      401      471      390      453    25391
     3517     1747      435     1271      471      404
      440      402      469      402      467     1275
      467      403      444      399      468      407
      470      402      467     1273      468      376
      468     1277      469     1273      464      408
      465     1273      472     1286      455     1273
      468     1273      467     1277      470      402
      468      403      440     1300      453      392
      468      402      473      397      474      375
      468      402      468      402      468      403
      440      403      468      403      467      403
      472     1284      457      376      466     1276
      466      403      468      401      474      373
      472     1270      472     1279      454      409
      463      410      464      405      443      406
      464      402      468      403      467      376
      468      404      466      405      465      411
      438      403      467      403      468      420
      451      376      467      402      468      403
      467     1278      469     1269      474     1271
      468      376      467     1290      450      406
      468     1274      468     1273      468    34928
     3507     1717      470     1272      467      403
      468      403      441      402      482     1259
      471      403      467      403      467      375
      468      403      467     1279      467      403
      466     1270      472     1290      456      402
      440     1300      443     1303      436     1306
      440     1299      441     1315      429      404
      467      404      466     1277      464      407
      432      412      467      403      467      403
      466      376      469      402      468      418
      453      406      440      405      466      403
      465      406      467     1273      467      381
      467      403      467      403      467      403
      442     1314      426      404      471      402
      467      403      441      402      468      407
      464      407      467      376      468      402
      468      403      467      405      441      405
      463      407      467      403      469     1273
      466      376      468      407      463      407
      463      407      438      408      466     1273
      467      404      468      406      464     1278
      468     1272      465      381      466    34923
     3517     1707      471     1273      467      403
      472      399      482      366      467     1273
      468      400      471      403      466      407
      442      402      468     1274      467      403
      467     1286      459     1270      472      402
      468     1273      467     1278      468     1273
      468     1270      483     1264      467      376
      436      435      468     1272      468      403
      467      403      440      408      436      434
      468      403      440      409      465      401
      467      402      468      380      437      434
      436      434      467      420      426      401
      468      403      467      403      440      407
      437      434      479      392      467     1273
      467      408      436      407      436     1305
      468      403      466      403      441     1301
      412      434      469      402      464     1277
      468      402      468      381      435      435
      436     1304      469      402      468      402
      441      409      434      437      434      434
      467      376      468      403      467      403
      467      408      436      408      436     1308
      466     1271      468     1289      425     1305
      466      404      466     1273      470      406
      436     1305      440     1301      440     1301
      440     1304      438     1304      441      402
      468      403      469      401      469      379
      436      436      436      435      465      405
      436      408      467      403      466      403
      468      376      467      408      436      434
      468     1273      468     1273      473      400
      441      403      467      404      467      402
      468      376      467      407      463      408
      468      376      468      419      452      401
      469     1276      481     1261      466      404
      440      402      469      402      468      403
      464      386      461      407      468      402
      468      403      441      403      467      414
      457      403      467      380      468      403
      465      406      467      375      467      402
      468      404      468     1277      468      402
      441      403      480      391      467      401
      470      375      468     1278      467     1274
      468      402      467      404      467      403
      441      410      461      418      456      403
      468      377      466     1274      471      398
      472      404      467      376      467      403
      464      408      466      403      440      403
      469      401      469      406      468     1273
      467      376      468      402      465      407
      466     1278      467     1274      467     1290
      455