  2163787

      496      346      499      370      503      374
      494      376      467      376      499    25357
     3561     1668      498     1241      503      345
      499      371      498      376      495     1248
      497      371      473      370      499      376
      495      372      499     1245      498      344
      499     1246      495     1259      487      371
      497     1238      503     1246      499     1241
      499     1246      494     1247      496      376
      498      371      472     1274      444      398
      499      372      498      371      474      375
      493      377      494      377      498      344
      499      372      497      376      494      376
      467     1274      471      371      499     1262
      479      376      498      372      498      345
      499     1257      484     1245      500      371
      498      371      500      376      467      375
      473      398      499      371      499      346
      499      371      498      376      496      347
      494      376      496      376      497      372
      471      372      499      376      493      377
      471     1269      499     1246      535     1206
      498      344      500     1245      494      377
      494     1246      498     1243      498    34889
     3543     1681      504     1251      488      376
      494      376      447      396      500     1241
      499      376      492      380      466      375
      499      371      499     1253      489      376
      494     1244      505     1234      503      344
      498     1246      473     1268      499     1260
      481     1242      504     1235      506      369
      499      376      494     1246      500      370
      472      372      499      379      493      374
      494      349      495      376      499      370
      500      371      471      373      498      376
      494      376      445     1293      476      370
      510      361      499      375      495      349
      473     1267      499      371      499      376
      495     1246      498      373      469     1286
      455      376      494      376      499     1242
      498     1246      495      376      499      344
      499     1242      498      375      506     1236
      499     1238      504      375      493      376
      444      399      499     1241      499      376
      495      375      468     1270      475      371
      498     1246      494      376      472    34908
     3548     1689      497     1240      499      376
      494      350      471      398      499     1242
      499      375      493      377      471      371
      499      371      500     1257      484      375
      498     1242      501     1257      483      347
      498     1243      498     1241      500     1246
      499     1241      499     1257      462      398
      499      371      496     1246      498      348
      496      377      470      399      499      372
      471      370      499      371      499      376
      491      354      493      375      472      399
      498      372      471      373      499      372
      498      376      493      349      495      376
      498      368      503      371      472     1273
      469      376      473      397      500     1240
      499      376      469      376      494     1245
      499      372      498      372      510      338
      495     1246      498      371      498      372
      496     1250      493      377      467      376
      499      371      500      371      499      355
      487      377      494      376      491      380
      471      371      499      371      499     1246
      494     1247      499     1241      510     1234
      474      398      472     1269      471      371
      499     1247      498     1238      502     1257
      483     1246      499     1242      498      377
      493      376      500      343      496      376
      498      371      499      376      467      376
      505      366      500      370      498      345
      500      372      497      376      490      380
      467     1273      472     1269      472      376
      471      411      488      370      471      372
      499      377      493      376      493      349
      499      371      500      371      498      372
      472     1273      445     1313      455      371
      498      376      494      376      499      345
      498      372      499      371      498      377
      467      375      496      375      495      376
      498      345      499      371      498      376
      495      349      499      371      499      371
      498      372      473     1269      449      397
      499      372      497      371      500      346
      498      375      494     1247      498     1238
      503      374      495      377      472      371
      498      371      500      375      495      348
      506      365      498      373      499      340
      502      371      499      376      495      375
      467      376      499      372      498      372
      498      345      499      376      494      387
      487     1244      498      375      467      376
      470     1269      499     1246      494      375
      496