  3000094

      495      355      467      399      476      396
      498      371      473      376      494    25359
     3547     1677      503     1246      472      371
      499      371      499      376      494     1243
      503      370      471      372      499      375
      495      376      495     1244      499      345
      498     1243      499     1257      487      371
      499     1247      494     1246      499     1237
      504     1245      494     1247      510      361
      498      372      471     1274      467      376
      500      370      499      371      472      372
      498      376      495      376      493      350
      473      409      487      371      499      372
      467     1278      467      376      472     1268
      500      371      499      375      495      349
      494     1243      503     1241      499      376
      494      376      473      397      474      370
      498      372      498      372      472      372
      499      376      471      409      489      344
      498      372      499      372      497      376
      469      376      493      376      500      371
      499     1242      498     1246      505     1236
      498      344      500     1246      490      381
      498     1241      499     1245      495    34893
     3539     1684      497     1258      488      371
      499      340      503      376      494     1246
      498      372      498      371      473      376
      494      376      472     1297      472      370
      498     1247      495     1245      499      345
      498     1243      498     1243      477     1278
      488     1242      498     1247      494      376
      498      372      495     1246      499      376
      467      376      494      387      488      372
      499      343      500      371      500      370
      499      377      467      375      473      398
      498      372      472     1273      467      376
      505      366      499      373      497      341
      503     1245      494      376      471     1268
      499     1246      494      376      500      382
      461      370      499      371      499     1246
      495     1246      499      371      499      344
      499     1243      475      399      501     1242
      497     1246      495      375      499      372
      471     1265      476     1274      466      377
      498     1253      489      371      498      376
      466     1269      477      371      499    34889
     3568     1658      497     1246      499      370
      499      372      499      356      487     1246
      467      404      498      373      497      372
      470      373      498     1246      500      371
      498     1242      495     1251      498      371
      499     1242      498     1246      499     1242
      499     1243      506     1234      502      345
      498      372      498     1247      498      371
      499      342      503      371      498      370
      499      375      468      376      509      361
      499      371      499      345      499      375
      494      376      470      401      472      371
      498      372      499      371      499      349
      495      376      473      407      489     1242
      524      320      498      376      494     1246
      499     1242      498     1246      473      398
      511      361      471      371      498      372
      498      377      493     1246      499      344
      499     1242      498      373      499      375
      499      371      473      371      498      371
      499      376      495      348      494      377
      499      371      499      371      469     1278
      466     1274      471     1269      471     1274
      444      398      495     1246      499      375
      495     1245      500     1240      501     1245
      511     1229      498     1246      494      376
      471      372      499      371      499      372
      499      349      494      373      498      375
      499      371      474      370      499      371
      499      375      495      349      494      376
      499     1243      498     1246      494      376
      499      371      472      371      499      372
      499      371      470      377      494      375
      496      376      498      344      499      372
      498     1257      488     1241      498      376
      495      376      475      368      499      371
      499      372      498      346      498      376
      493      378      471      398      483      360
      499      371      499      372      472      375
      494      376      499      372      499      345
      498      372      499     1245      494      377
      498      384      461      370      498      371
      499      376      495     1246      498     1242
      498      345      499      376      490      381
      498      371      483      361      498      371
      500      375      494      350      494      376
      499      371      499      345      523      347
      499      375      495      376      444      399
      498      383      489      370      498      345
      499      376      494     1242      504     1245
      494      376      471     1269      498      372
      484