  1811650

      443      402      499      389      483      369
      470      377      493      377      471    25356
     3520     1710      497     1245      472      400
      470      400      471      399      471     1272
      437      407      472      398      472      398
      499      344      499     1247      472      398
      469     1273      497     1246      472      394
      476     1273      495     1246      467     1273
      498     1247      467     1273      471      398
      456      387      471     1269      476      398
      472      398      472      371      472      403
      467      404      472      371      471      398
      472      399      471      412      436      400
      467     1273      472      399      471     1274
      468      402      472      371      471      400
      468     1276      480     1261      471      398
      472      398      445      404      467      403
      466      402      477      368      472      397
      471      405      467      376      466      415
      460      398      472      399      445      397
      473      402      467      401      474      372
      472     1268      472     1273      472     1280
      488      372      470     1269      476      398
      472     1272      469     1272      472    34910
     3522     1708      497     1245      498      375
      444      398      499      375      495     1245
      499      372      473      370      499      370
      501      376      467     1273      499      340
      477     1267      499     1246      471      398
      499     1239      502     1245      473     1268
      510     1235      472     1269      471      399
      500      375      439     1296      476      371
      471      400      471      403      467      387
      457      403      471      399      467      403
      445      403      466      405      465      405
      471      371      472     1268      472      402
      467      402      488      357      471      398
      472     1273      469      401      473      398
      440      402      473     1269      471      400
      471      403      466      389      460     1272
      468     1272      468      403      467      403
      471     1270      472      402      441     1300
      459     1286      440      403      467      402
      467      404      468      375      471     1273
      468     1273      468      402      472      410
      461     1273      467      377      470    34909
     3559     1672      475     1268      499      371
      499      376      494      376      441     1299
      445      402      497      374      467      403
      467      377      471     1269      499      373
      498     1246      472     1265      502      371
      510     1235      472     1268      499     1246
      494     1243      504     1242      497      371
      473      385      458     1272      498      372
      473      397      472      377      466      403
      468      402      472      371      473      398
      499      371      498      377      453      391
      467      403      472      409      463      369
      472      398      499      375      469      402
      441      402      472      399      472     1269
      498      388      457      374      474     1267
      471     1273      496     1245      499      371
      471      398      496      348      472     1283
      489     1241      498     1247      471      399
      472     1264      504      376      493      376
      441      402      473      398      472      399
      499      343      499      376      467      403
      467      399      450      398      472     1269
      499     1246      471     1279      488     1272
      447      396      499     1242      499      376
      494     1246      499     1242      497     1243
      476     1269      499     1240      500      348
      495      376      472      398      499      345
      514      357      498      371      499      376
      468      375      474      397      498      371
      472      372      499      371      499      376
      494     1244      502     1240      499      375
      471      374      495      375      499      372
      497      345      499      368      503      375
      494      349      494      376      472      399
      498     1243      498     1247      472      398
      468      375      498      372      499      371
      499      349      494      376      471      399
      499      371      473      370      499      376
      504      367      471      371      499      370
      499      371      499      345      498      376
      494      376      499     1242      498      369
      475      375      495      375      496      377
      498      344      500     1241      499     1246
      482      397      491      370      500      371
      472      371      499      375      482      389
      498      345      499      372      499      371
      499      376      463      380      471      399
      498      372      445      398      499      370
      499      376      467      387      462     1268
      497     1249      471     1268      499     1241
      499      376      467     1274      510      361
      497