   679644

      443      403      469      418      453      405
      463      375      473      402      464    25391
     3517     1712      444     1296      444      402
      468      403      472      402      468     1273
      468      375      464      407      471      403
      467      404      439     1300      442      402
      467     1278      467     1273      467      404
      467     1274      471     1273      467     1272
      473     1271      469     1296      446      400
      447      401      480     1261      467      403
      471      403      467      375      495      376
      467      403      463      408      470      377
      494      376      495      375      467      388
      456     1277      494      376      494     1243
      476      402      493      375      468      376
      494     1246      472     1285      483      375
      468      398      445      404      499      375
      493      377      494      349      467      403
      467      403      498      377      467      376
      494      400      446      400      468      376
      470      405      493      376      494      377
      467     1273      440     1300      443     1304
      450      392      466     1277      468      402
      494     1248      471     1269      473    34920
     3510     1709      471     1278      466      403
      435      409      465      403      471     1274
      467      400      472      374      467      403
      472      402      468     1273      468      402
      441     1316      428     1295      445      403
      471     1274      467     1274      467     1272
      473     1269      471     1273      472      402
      467      404      467     1273      466      376
      467      403      473      404      466      404
      440      414      456      402      468      402
      445      403      467      403      467      403
      467      377      467     1268      476      403
      468      403      467      404      451      391
      470     1274      466      404      467     1269
      477     1272      467      402      467      377
      473      402      468     1273      467     1273
      472     1273      467      403      466      404
      439     1305      440      403      468     1269
      475     1272      468      403      466      404
      441     1303      441     1299      441      400
      476     1286      453      403      467     1273
      472     1272      469      402      467    34920
     3516     1712      462     1278      470      373
      471      404      466      403      468     1273
      473      396      446      403      463      409
      465      402      468     1272      472      376
      467     1273      480     1261      472      398
      472     1272      468     1273      471     1273
      469     1271      472     1269      473      401
      468      375      468     1277      468      402
      469      402      467      403      440      403
      471      404      468      402      480      364
      467      402      466      406      465      404
      444      403      467      404      467      403
      462      382      466      403      472      398
      472      376      468      416      454     1273
      467      404      471      402      440     1301
      440      403      467      403      471      403
      468      375      468      403      480      391
      468     1281      464      401      440     1301
      440     1304      440      402      468      403
      467      403      467      389      461      397
      471      403      468      402      441      403
      467      403      468      403      444     1301
      440     1295      445     1318      427     1299
      441      404      467     1272      473      403
      487     1254      466     1273      473     1284
      483     1245      469     1267      476      402
      468      376      468      402      467      403
      472      403      440      404      478      392
      467      402      470      400      448      396
      472      402      468      403      440      403
      467     1273      472     1273      468      402
      471      400      444      398      472      403
      467      403      468      375      468      403
      472      399      471      403      439      402
      465     1278      465     1279      467      403
      494      375      468      376      467      403
      473      397      473      399      444      404
      466      403      467      403      441      402
      485      387      470      403      468      376
      467      403      468      416      455      402
      444      404      466     1273      468      403
      467      402      473      383      460      402
      468      402      464     1277      471     1274
      466      403      440      403      468      402
      473      398      471      376      465      406
      467      402      468      375      473      398
      472      402      468      403      442      401
      468      403      467      402      472      374
      471      402      467      415      456      402
      440     1300      445      403      467     1273
      468     1269      476      401      469      402
      468