   954671

      439      405      467      401      471      401
      441      406      468      403      467    25367
     3510     1716      466     1277      468      401
      468      403      470      374      467     1277
      467      404      466      404      467      403
      440      403      468     1277      468      402
      463     1277      470     1275      468      402
      469     1272      467     1274      465     1281
      466     1274      467     1279      466      376
      467      403      467     1269      472      402
      473      402      440      403      468      402
      469      402      467      376      467      408
      468      402      467      373      472      402
      466     1273      468      407      468     1273
      467      403      441      402      468      402
      464     1283      466     1274      466      405
      465      381      467      403      467      403
      468      403      456      388      466      403
      479      397      467      376      467      404
      466      404      467      375      468      403
      467      407      467      402      442      403
      468     1271      468     1289      457     1272
      468      401      468     1273      473      403
      466     1275      466     1279      478    34903
     3517     1722      460     1273      462      381
      467      403      467      403      471     1273
      467      403      442      401      468      408
      466      404      442     1301      438      403
      467     1277      468     1273      467      403
      471     1270      471     1285      455     1277
      467     1273      468     1272      472      418
      453      376      465     1273      467      403
      473      403      467      403      440      403
      468      400      472      401      468      381
      467      420      451      401      468      402
      440      404      471     1288      453      403
      466      403      469      376      470      404
      467     1272      468      403      472     1273
      467     1272      480     1257      477     1271
      467      376      468      402      472     1269
      471     1271      471      402      472      396
      447     1300      441      402      468     1273
      472     1272      465      406      467      403
      472     1273      479     1262      466     1274
      472      375      464     1276      467      403
      471     1274      466      404      467    34914
     3519     1712      473     1271      467      399
      445      403      466      405      471     1273
      466      403      440      403      467      403
      472      403      467     1270      471      375
      469     1272      473     1272      467      403
      468     1274      467     1278      467     1273
      467     1273      472     1273      467      404
      464      407      444     1300      440      403
      468      403      466      403      471      371
      472      398      473      402      468      400
      443      403      468      402      472      399
      444      403      467      404      467      403
      465      379      467      402      472      440
      431      403      439      404      467     1273
      468      402      473      398      471     1274
      467      374      466      406      472     1273
      469      401      468      403      440      403
      472     1267      472     1269      472     1285
      460     1273      466      403      468      402
      445      399      471      398      473      399
      471      376      468      403      467      403
      471      412      432      399      471     1274
      467     1269      476     1273      467     1274
      467      403      471     1285      456      402
      467     1269      478     1267      473     1271
      468     1273      472     1285      451      382
      465      403      473      398      472      398
      445      402      468      402      468      404
      466      377      473      398      471      401
      469      375      480      392      467      402
      468     1273      472     1273      467      403
      441      398      472      402      472      398
      473      375      467      405      465      403
      468      402      445      398      472      398
      473     1269      471     1273      471      404
      467      376      469      401      479      391
      468      375      472      398      469      407
      467      403      440      403      468      402
      467      403      472      372      473      402
      467      403      468      402      443      401
      472      397      471     1274      466      403
      468      376      471      399      471      403
      467      376      468     1269      475     1274
      467      403      467      403      467      403
      444      399      471      404      467      403
      468      375      468      403      471      398
      472      403      438      405      467      404
      466      404      466      377      472      398
      468      408      465      404      439      403
      468     1272      472     1272      471     1271
      474     1267      472     1272      469      403
      466