  1152656

      468      374      500      373      471      371
      498      376      467      403      472    25360
     3540     1687      496     1246      496      375
      495      375      469      376      471     1268
      499      375      468      403      471      399
      530      312      501     1259      458      393
      504     1241      498     1246      499      372
      497     1242      499     1246      500     1242
      498     1244      499     1241      499      348
      495      376      471     1265      503      371
      499      376      464      379      473      397
      499      371      472      372      499      376
      493      376      468      376      498      371
      499     1246      495      375      499     1240
      501      371      472      375      495      378
      470     1269      499     1245      494      375
      500      344      498      371      510      364
      495      372      449      397      500      371
      499      371      498      345      498      376
      472      398      499      344      500      370
      499      376      495      388      432      400
      497     1242      499     1245      499     1241
      499      376      491     1250      499      371
      511     1233      498     1242      499    34885
     3553     1678      496     1244      493      353
      472      398      499      372      498     1246
      495      377      468      375      498      372
      498      371      473     1266      472      377
      498     1241      499     1247      493      376
      499     1238      503     1245      499     1240
      500     1251      489     1255      513      354
      492      349      476     1274      490      370
      498      377      493      377      471      371
      499      372      498      376      495      349
      494      375      499      389      481      373
      469      376      494     1246      499      371
      499      373      471      375      494      377
      499     1241      498      376      507      339
      494      375      498      372      497      372
      468      380      494     1246      499     1241
      499     1246      498      383      488      372
      494     1250      494      348      499     1241
      500     1245      471      400      497      371
      499      376      479      365      494      375
      499     1241      499      375      467     1274
      472     1269      471      375      500    34890
     3539     1683      473     1282      486      370
      499      377      493      349      499     1241
      494      381      495      375      498      372
      472      371      499     1258      481      376
      498     1242      498     1248      498      371
      498     1245      494     1246      499     1247
      495     1241      503     1241      498      350
      493      376      499     1241      499      375
      473      371      499      384      486      372
      497      376      466      377      498      371
      499      371      499      349      494      376
      499      371      495      377      471      371
      499      376      506      365      497      345
      498      371      499      372      498     1246
      496      374      472      371      498     1247
      494      376      498      384      460      371
      499      371      499      375      495      345
      503     1241      499      371      499      376
      471     1269      499      371      483      365
      495      413      434      398      499      344
      498      372      498      377      493      376
      445      398      499      371      499     1246
      468     1284      487     1245      493     1247
      498      372      471     1273      468      377
      497     1242      511     1235      497     1242
      498     1247      498     1242      498      376
      494      375      473      371      499      371
      500      370      498      376      468      376
      499      367      505      369      499      344
      498      376      472      397      499      371
      472     1272      468     1274      470      373
      499      375      495      375      444      398
      500      370      499      372      498      349
      493      377      499      370      495      376
      472     1273      473     1267      473      375
      494      375      498      372      499      344
      499      371      499      376      494      376
      472      374      497      370      498      372
      498      350      493      376      499      371
      498      341      504      375      494      375
      499      372      471     1269      484      364
      473      396      499      371      499      344
      496      379      494     1246      499     1245
      494      376      499      371      472      383
      488      371      494      376      499      349
      498      371      499      371      500      343
      500      375      494      375      500      370
      472      372      498      372      510      365
      493      351      497      372      499      371
      499     1246      499      371      471      372
      498     1243      498      375      498      384
      488