  1954212

      497      407      414      399      503      367
      499      372      473      370      499    25358
     3548     1684      497     1245      500      344
      499      371      499      371      499     1244
      498      348      472      398      499      372
      499      372      471     1274      467      375
      472     1265      503     1258      482      376
      473     1268      498     1242      498     1243
      503     1242      499     1243      510      364
      495      347      472     1269      499      368
      503      371      498      376      468      376
      472      398      500      370      499      347
      498      382      488      376      493      376
      464     1278      471      371      499     1246
      494      377      470      399      471      372
      499     1238      503     1246      499      372
      499      371      499      344      499      371
      499      375      495      376      472      372
      499      371      498      383      488      344
      499      376      496      375      499      372
      471      372      498      371      499      368
      476     1271      473     1271      521     1224
      462      378      492     1253      493      375
      498     1245      494     1249      498    34889
     3511     1715      496     1245      499      375
      494      349      467      402      472     1269
      499      371      499      377      467      376
      467      403      472     1312      429      399
      499     1246      467     1273      499      345
      471     1269      499     1243      475     1280
      488     1246      494     1246      472      398
      472      399      470     1276      468      375
      466      403      472      410      461      397
      446      398      472      399      471      403
      480      365      467      402      473      397
      473      398      445     1301      440      402
      479      392      472      398      472      368
      476     1268      471      404      467     1273
      472     1269      473      401      468     1270
      477      371      471      399      471     1268
      472     1273      472      399      471      399
      441     1300      455      391      468     1272
      472     1273      468      403      468      402
      468     1273      472     1272      468      375
      471      400      467     1273      472      403
      466     1272      466      408      437    34952
     3513     1715      439     1300      441      402
      469      414      460      402      440     1297
      445      402      468      403      466      404
      472      372      471     1274      466      404
      467     1270      475     1272      468      403
      468     1272      473     1268      471     1271
      472     1287      458     1273      466      404
      440      403      467     1274      468      399
      477      397      471      377      467      403
      469      401      481      391      439      404
      466      404      471      399      472      376
      468      402      467      402      468      376
      467      403      469      402      472      401
      442      404      466      404      467     1269
      475      402      468      376      467     1273
      467      404      472      398      471     1274
      513      358      440      402      468     1278
      467     1274      466      405      465      403
      441     1301      472      375      467      402
      471      399      469      375      469      402
      473      397      473      402      440      405
      466      402      470      401      467     1274
      471     1286      455     1273      468     1273
      468      380      467     1273      468      403
      468     1273      472     1284      457     1268
      477     1269      470     1278      466      395
      467      406      445      403      473      418
      451      400      470      373      465      402
      473      402      473      370      439      431
      472      404      466      403      440      403
      468     1270      475     1292      448      404
      467      402      468      376      469      401
      468      402      472      403      437      408
      466      403      467      404      467      376
      467     1288      456     1273      467      404
      483      388      471      398      445      403
      467      403      467      404      439      403
      468      403      484      391      467      376
      468      398      472      402      468      402
      441      403      472      403      467      403
      468      376      467     1273      468      400
      476      397      472      403      440      403
      467      404      467     1274      470     1273
      469      402      437      407      466      403
      479      392      467      376      472      403
      467      403      467      403      441      402
      469      402      471      400      472      375
      468      404      466      402      468      403
      441      402      471      399      472     1273
      467     1270      475      398      447      402
      467     1273      467     1285      460      403
      466