  1255407

      442      404      467      405      466      403
      467      375      473      400      470    25387
     3516     1724      429     1300      446      401
      468      402      468      403      467     1274
      471      375      468      403      466      404
      463      420      428     1300      446      402
      467     1274      468     1272      474      400
      465     1277      467     1286      459     1273
      466     1273      468     1273      472      402
      441      402      468     1272      472      415
      456      402      468      376      468      402
      467      424      452      397      446      402
      467      404      467      403      467      377
      467     1272      484      392      467     1269
      472      402      468      403      444      400
      470     1275      467     1271      467      403
      470      406      468      375      468      402
      467      403      468      376      468      402
      473      402      468      402      440      403
      467      404      467      403      471      372
      472      404      466      403      468      403
      440     1301      441     1300      446     1298
      441      403      467     1274      471      400
      470     1272      466     1270      472    34917
     3526     1700      475     1273      468      403
      440      403      466      404      472     1285
      497      362      467      376      466      404
      470      399      472     1273      466      404
      440     1300      445     1307      434      403
      467     1273      472     1273      467     1273
      469     1268      478     1281      458      402
      467      403      472     1274      467      375
      468      402      464      407      471      398
      446      402      466      404      467      403
      440      404      466      403      472      402
      468      376      465     1277      470      398
      472      403      467      403      440      403
      468     1273      472      402      468     1269
      473      402      466      376      472      403
      468      402      468     1273      467     1271
      475     1276      464      402      441      403
      466     1278      467      403      468     1272
      465     1277      470      404      441      402
      468     1273      467      403      472      403
      467     1268      473      376      467     1272
      472     1286      456      402      468    34914
     3527     1704      471     1292      449      402
      467      404      439      403      471     1274
      468      402      467      403      479      364
      467      403      469     1277      466      403
      468     1273      473     1272      466      377
      466     1269      481     1270      467     1274
      466     1273      473     1272      479      392
      467      403      467     1290      456      402
      442      401      467      403      467      403
      472      375      468      399      473      402
      467      402      441      403      467      403
      472      403      470      374      469      400
      468      403      467      451      393      401
      473      402      467      403      441     1300
      440      403      471      403      468     1274
      463      407      467      376      467      404
      471      400      471      403      440     1299
      441     1305      438      406      462      408
      466     1273      472      398      473      375
      469      402      469      401      467      403
      441      398      477      398      471      403
      440      414      457      403      466     1274
      472     1273      467     1270      471     1273
      473      402      468     1284      456      375
      468     1273      468     1278      466     1273
      472     1273      467     1284      457      402
      468      407      467      402      441      403
      468      401      469      401      467      376
      473      402      469      401      468      403
      440      399      469      405      472      399
      445     1299      442     1299      446      397
      471      407      464      423      447      376
      467      403      471      398      473      404
      443      401      466      403      467      404
      466     1274      470     1274      468      375
      468      405      468      401      487      388
      438      403      467      404      467      403
      464      380      471      399      471      403
      467      376      468      403      467      404
      467      404      443      399      472      403
      467      401      469     1273      468      375
      473      398      472      402      468      402
      441      404      467     1269      476     1274
      493      376      467      403      467      376
      471      398      473      403      467      377
      467      402      464      406      467      403
      445      403      469      402      466      403
      468      375      468      403      472      402
      467      403      441      404      468     1271
      473     1271      469      403      468      402
      467     1274      471      377      466      403
      467