  2996880

      488      375      471      375      498      374
      495      376      463      380      494    25362
     3544     1686      466     1285      487      349
      494      375      495      376      495     1246
      472      403      467      376      491      380
      493      376      495     1246      510      338
      494     1246      494     1246      472      395
      504     1245      494     1246      472     1285
      483     1247      493     1241      477      403
      493      377      467     1273      467      376
      472      399      472      403      505      338
      490      380      493      376      494      349
      473      399      471      402      495      376
      467     1273      467      376      468     1280
      494      375      493      377      494      349
      495     1245      500     1247      495      376
      494      376      470      398      444      403
      506      365      495      375      494      350
      494      376      494      376      472      398
      474      376      493      376      494      376
      467      376      471      399      472      414
      484     1246      494     1242      477     1268
      499      349      494     1246      494      377
      471     1286      479     1251      493    34887
     3543     1688      497     1246      494      377
      493      377      467      376      473     1264
      504      375      506      365      495      348
      495      376      495     1247      470      400
      471     1273      496     1246      494      349
      494     1257      460     1274      494     1246
      490     1252      471     1274      494      377
      493      377      504     1237      494      376
      441      403      498      376      494      376
      494      350      494      375      495      376
      472      398      446      402      494      387
      484      373      497     1247      471      372
      472      402      495      376      495      348
      495     1245      494      375      474     1284
      483      377      493     1246      473     1272
      494     1246      491      380      467     1275
      471     1286      454     1273      445     1300
      463      381      494      376      494     1246
      472     1274      505      365      494      349
      495      376      536      335      470     1274
      494      377      465      376      495     1246
      472     1284      483      372      499    34886
     3522     1705      502     1245      472      398
      445      399      499      375      496     1246
      495      375      466      377      471      410
      487      376      494     1247      493      377
      467     1274      471     1269      472      376
      494     1246      483     1263      495     1246
      493     1242      504     1245      495      376
      494      376      472     1280      487      350
      494      376      494      372      499      376
      467      376      471      398      499      376
      467      376      495      375      495      376
      493      350      484      386      495      381
      493      376      467      376      494      376
      472      398      472      372      499     1245
      495      376      491      381      493     1263
      482     1245      494     1247      472      397
      447      402      494      373      498     1246
      471     1268      503      375      494      348
      494     1246      472      394      504      374
      495      356      488      375      494      376
      471      399      445      413      485      376
      494      377      494      347      492     1250
      472     1272      494     1247      494     1247
      485      390      490     1251      494      375
      495     1246      473     1272      494     1247
      531     1225      483     1246      494      376
      466      376      472      399      498      375
      496      349      493      373      499      375
      472      371      474      401      507      363
      496      375      467      375      495      377
      471     1273      496     1245      494      376
      472      371      472      398      499      376
      497      374      468      376      493      377
      467      404      470      371      472      404
      494     1245      495     1246      472      398
      472      372      524      352      493      376
      494      376      468      375      495      376
      472      398      472      376      495      376
      494      376      494      373      471      376
      510      361      472      398      471      372
      499      375      495     1246      495      376
      472      398      446      398      498      376
      494      376      468     1284      434     1295
      473      374      495      376      491      380
      471      370      473      398      498      376
      495      376      468      375      506      366
      493      377      471      372      472      399
      499      376      495      375      467      376
      495      375      494      377      445     1295
      472     1270      472      375      494     1246
      474      397      498     1247      494      377
      495