  2921381

      496      376      468      376      475      397
      499      371      499      345      498    25359
     3554     1677      494     1250      494      376
      468      376      494      376      471     1280
      489      375      494      349      513      359
      493      377      470     1270      498      348
      494     1247      495     1257      461      397
      501     1245      495     1246      471     1269
      499     1246      472     1265      503      376
      494      376      468     1272      445      398
      499      371      499      376      495      348
      496      375      494      376      472      398
      472      382      487      376      494      376
      495     1245      499      345      494     1252
      493      375      472      399      498      346
      498     1257      484     1245      503      369
      498      371      499      372      473      375
      495      376      495      376      470      371
      472      400      498      382      489      372
      471      376      494      376      494      376
      472      373      471      399      498      371
      500     1244      495     1243      487     1257
      498      375      469     1272      468      376
      471     1269      496     1251      494    34894
     3513     1711      497     1257      484      375
      472      399      470      372      499     1243
      498      376      471      399      498      344
      500      371      500     1256      483      377
      471     1291      477     1242      500      375
      467     1273      472     1269      471     1285
      453     1276      472     1272      468      376
      495      376      494     1246      499      372
      494      350      498      388      481      376
      494      349      495      376      498      372
      500      370      473      371      499      372
      498      374      498     1246      499      344
      499      373      498      371      499      372
      472     1270      470      373      476     1269
      499     1244      494      376      494      375
      504      342      498      372      499     1242
      499     1246      499      372      498      345
      498     1244      497      376      509     1228
      504     1241      498      376      494      376
      467     1273      472     1273      494      351
      471     1280      487      372      498      372
      499     1245      499      344      499    34889
     3519     1706      498     1242      499      376
      494      376      499      371      473     1268
      472      376      494      375      473      398
      467      376      498     1242      499      375
      495     1247      509     1232      498      371
      496     1251      493     1247      499     1241
      499     1247      494     1242      504      345
      498      371      499     1246      494      376
      472      399      472      371      499      371
      499      373      499      347      506      364
      473      397      499      372      471      372
      498      372      499      372      471      376
      495      375      469      403      498      345
      498      372      499      382      488     1246
      499      372      471      371      499     1238
      504     1246      471     1269      499      371
      511      360      499      349      494     1242
      505      370      499     1241      498      375
      496     1245      500      370      473      383
      488      368      502      376      494      349
      494      376      499      371      499      345
      499      371      498      376      495     1246
      496     1258      488     1246      493     1246
      500      371      471     1269      467      377
      498     1247      472     1280      488     1241
      498     1247      514     1228      498      371
      499      370      500      348      495      376
      506      365      498      372      471      372
      499      367      506      370      498      349
      495      375      494      377      473      370
      499     1242      498     1259      483      376
      498      371      499      371      473      371
      499      371      498      377      494      349
      493      377      498      372      496      375
      472     1274      467     1272      445      398
      500      371      499      371      500      344
      507      369      493      376      494      351
      471      399      511      360      499      370
      472      371      499      376      494      376
      494      345      478      397      499      371
      499      372      473     1272      468      388
      482      376      499      371      499      343
      500      371      499     1246      494     1246
      499      371      500      372      471      375
      506      365      468      403      471      371
      499      372      498      376      495      348
      495      376      471      399      499      372
      471      372      526      345      498      387
      480      353      493      376      473     1268
      499      372      498     1247      495     1241
      503      370      472     1284      457      374
      473