   940247

      463      379      468      410      463      399
      472      386      459      405      469    25381
     3532     1702      440     1296      445      402
      472      402      467      404      494     1246
      466      377      471      402      482      389
      490      354      493     1245      468      403
      472     1273      467     1273      468      402
      484     1266      466     1271      472     1272
      467     1274      467     1273      472      404
      438      403      468     1285      460      402
      468      402      495      350      465      403
      467      400      475      403      440      403
      495      376      466      405      465      376
      499     1257      456      404      466     1274
      472      402      467      403      441      402
      469     1272      472     1272      481      390
      463      407      441      402      472      403
      467      403      467      375      469      403
      467      403      471      403      442      402
      523      347      466      415      456      376
      471      403      467      404      493      377
      440     1300      444     1297      444     1300
      440      403      482     1263      468      402
      469     1271      472     1270      472    34922
     3510     1714      465     1276      469      402
      441      402      481      390      467     1273
      484      391      467      375      469      402
      468      402      471     1273      468      403
      440     1312      433     1297      443      403
      466     1273      472     1273      467     1274
      471     1270      483     1260      468      402
      472      403      467     1273      469      375
      467      405      467      407      467      375
      467      403      468      416      453      403
      445      403      467      403      467      403
      469      375      463     1283      465      405
      466      403      467      402      440      404
      481     1262      468      403      467      400
      471      374      473     1273      468     1273
      467      402      472      403      468     1273
      469     1271      472      376      467      402
      468     1273      468      403      467     1278
      467     1285      456      403      440      402
      472      403      468      403      494     1245
      467      376      467     1278      468      402
      467     1285      461      403      467    34915
     3519     1711      466     1277      468      398
      445      401      468      404      466     1279
      466      403      440      414      456      403
      468      402      472     1270      471      376
      468     1272      473     1272      469      402
      467     1284      457     1277      467     1275
      465     1273      472     1274      467      402
      465      406      441     1310      434      401
      495      377      467      402      468      376
      498      376      494      377      494      373
      444      402      467      403      472      403
      504      339      494      377      495      375
      467      376      467      403      499      404
      467      376      466      373      471     1273
      472      402      494      387      484     1246
      468      375      469      406      494     1246
      468      402      468      402      445      399
      499     1245      478     1258      476      402
      495     1246      467      403      472      371
      498      376      495      376      494      349
      467      399      472      402      474      401
      467      376      495      376      467     1273
      471     1273      494     1243      475     1273
      468      403      467     1271      473      370
      500     1246      464     1277      471     1273
      494     1245      473     1272      494      376
      463      407      472      402      468      375
      495      376      494      377      467      376
      469      401      476      399      494      349
      494      376      493      376      468      403
      439     1301      471     1274      439      402
      499      376      494      373      497      349
      467      405      468      402      500      376
      465      376      495      375      467      403
      472     1274      494     1245      468      376
      471      397      505      371      495      376
      468      377      466      402      468      403
      441      407      493      377      467      403
      467      376      467      403      472      398
      512      363      441      404      493      376
      466      404      470     1274      494      349
      495      376      466      404      467      403
      441      402      473     1279      489     1245
      467      404      467      403      445      402
      495      376      495      375      468      375
      468      402      466      405      484      391
      467      376      494      376      467      403
      468      375      472      403      494      376
      495      376      463      380      468      401
      468     1289      483     1246      494      376
      441     1304      441     1300      468      375
      468