  2097679

      457      405      441      405      465      402
      472      403      468      375      468    25385
     3518     1712      472     1269      472      402
      452      392      467      403      471     1273
      468      403      467      376      468      402
      467      400      476     1274      466      402
      440     1312      429     1304      441      403
      467     1269      473     1272      471     1274
      467     1284      461     1272      465      406
      467      402      441     1300      444      405
      466      404      466      403      467      376
      468      424      448      407      467      403
      440      403      468      403      468      402
      467     1272      474      375      466     1269
      473      402      479      391      472      403
      440     1301      440     1300      444      403
      468      399      471      403      441      402
      468      403      467      404      471      375
      468      403      467      403      467      403
      441      402      466      405      471      403
      467      376      468      402      469      404
      466     1284      460     1273      463     1278
      466      408      440     1300      441      402
      468     1274      467     1273      472    34911
     3523     1708      472     1271      467      403
      472      403      440      403      468     1273
      468      403      470      399      472      383
      461      403      467     1273      468      403
      467     1274      471     1270      472      422
      422     1299      450     1295      440     1302
      438     1296      450     1299      441      401
      468      404      466     1285      461      402
      468      376      468      399      473      400
      467      403      446      401      468      402
      469      402      441      403      467      404
      466      403      472     1270      471      376
      469      401      467      403      467      403
      445     1300      441      402      468     1270
      471     1289      457      402      467      403
      466      377      467      403      467     1278
      468     1273      469      400      468      403
      441     1306      439      403      467     1274
      467     1273      473      402      468      402
      441     1300      440     1312      430      402
      473     1268      473      402      467      403
      468     1273      471      377      468    34913
     3518     1711      470     1285      452      407
      467      404      466      403      441     1304
      442      401      469      402      467      402
      469      375      473     1272      478      392
      467     1274      467     1278      466      404
      467     1269      472     1277      468     1284
      456     1273      467     1278      468      413
      431      403      467     1273      467      403
      472      402      440      404      477      393
      467      404      466      376      464      407
      472      403      468      402      439      405
      465      404      467      402      473      376
      467      403      467      402      476      367
      467      403      467      403      473     1272
      469      402      440      403      467     1273
      473     1269      472     1275      466      402
      473      402      468      376      467      403
      467     1313      432     1274      469      401
      468     1285      454      402      441      403
      471      404      467      403      464      381
      466      403      467      402      468      403
      446      401      469      402      468     1271
      469     1270      476     1274      465     1274
      467      404      440     1305      440      403
      478     1263      467     1274      471     1273
      468     1271      468     1273      473      402
      469      400      470      376      466      402
      468      404      471      403      440      402
      468      403      469      401      469      375
      468      403      472      402      468      402
      453     1288      441     1300      445      403
      463      408      466      403      441      402
      468      402      469      402      471      377
      468      415      455      401      468      404
      438     1303      442     1301      439      403
      468      403      468      402      473      375
      467      403      480      387      472      402
      440      404      466      404      471      404
      439      403      468      402      468      403
      468      375      468      402      472      403
      467      415      430     1300      440      404
      466      404      471      404      467      375
      467      403      464     1277      466     1274
      483      392      467      403      442      401
      470      401      467      403      466      377
      472      403      468      402      468      376
      467      403      467      403      468      403
      444      404      468      402      468      412
      458      376      467      404      466      403
      467     1278      468     1273      468     1285
      456      402      445     1300      439      403
      467