  1049684

      464      379      471      428      442      403
      465      406      439      404      467    25396
     3509     1708      478     1270      469      375
      467      402      467      403      472     1274
      467      403      449      396      466      402
      468      403      472     1273      467      375
      469     1273      471     1271      471      403
      466     1275      466     1279      466     1273
      467     1270      476     1272      467      403
      467      375      467     1274      472      403
      468      402      468      402      439      406
      466      409      466      404      466      377
      466      403      467      403      468      403
      439     1305      471      374      468     1271
      469      401      474      402      467      376
      467     1273      468     1269      476      403
      467      403      468      376      466      403
      467      403      471      404      440      402
      468      403      467      433      438      375
      468      402      472      403      468      401
      442      403      467      402      468      402
      472     1286      456     1272      469     1276
      468      376      466     1273      468      403
      472     1269      471     1285      456    34919
     3514     1715      465     1274      471      403
      467      376      469      401      468     1269
      473      405      468      403      440      405
      467      402      467     1273      467      407
      467     1270      471     1273      468      376
      467     1277      472     1270      466     1271
      475     1273      467     1274      466      405
      471      403      466     1287      451      407
      439      403      467      408      467      403
      468      375      469      401      469      402
      468      376      471      404      466      400
      470      402      441     1300      440      408
      467      402      468      403      468      375
      469     1297      444      402      472      402
      468     1285      456      404      439      403
      471      403      467     1273      464     1278
      467     1278      467      402      468      376
      481     1261      467      402      469     1277
      466     1273      467      404      471      372
      471      403      467     1284      457      401
      474     1272      467      403      440     1301
      445     1299      441      402      467    34917
     3518     1714      460     1291      459      403
      466      404      467      376      467     1273
      467      408      467      403      466      406
      440      401      469     1272      475      400
      467     1273      468     1275      465      407
      437     1306      440     1300      441     1311
      429     1304      441     1296      445      403
      466      404      467     1278      468      403
      468      376      465      405      466      404
      466      403      440      407      467      404
      467      403      467      376      467      404
      468      402      469      403      439      404
      468      407      466      408      438      402
      468      402      467      404      467     1277
      467      375      468      402      514     1230
      467      402      472      402      453      392
      466      403      468      402      467     1274
      467     1274      473     1273      466      376
      468     1285      460      402      468      402
      469      418      426      402      467      404
      470      404      467      375      468      403
      467      402      468      376      468     1284
      456     1277      468     1272      473     1272
      467      404      468     1274      462      408
      471     1286      454     1273      468     1273
      471     1274      467     1273      469      402
      440      403      484      392      467      402
      467      377      467      404      466      404
      471      403      443      399      467      403
      468      403      467      376      468      402
      472     1287      454     1273      465      406
      472      371      471      404      466      403
      468      403      440      403      467      403
      472      402      480      363      492      379
      468     1271      468     1277      467      403
      467      404      441      403      467      402
      472      402      469      375      471      399
      468      402      467      376      468      402
      472      403      467      403      441      402
      466      404      470      402      471      372
      471      403      467     1279      463      403
      471      403      440      403      467      403
      465      406      467     1279      467     1273
      465      376      467      404      471      403
      468      402      457      387      466      404
      468      406      439      404      466      404
      467      404      466      376      467      403
      472      400      470      402      442      402
      467      403      468      402      472     1272
      469     1273      466     1294      452      375
      480     1261      467      403      472      403
      467