  1354303

      470      377      469      399      473      400
      464      407      443      404      466    25388
     3517     1708      476     1273      466      376
      469      401      468      402      473     1273
      467      402      441      402      468      402
      467      403      472     1274      467      376
      467     1273      471     1270      472      402
      467     1273      473     1272      469     1272
      471     1308      462     1256      455      404
      471      371      499     1245      495      375
      468      403      472      399      440      407
      467      409      462      403      468      376
      467      404      470      398      472      402
      441     1300      445      399      471     1273
      468      402      468      402      468      376
      469     1269      475     1269      472      401
      468      403      471      376      468      402
      469      402      467      403      441      401
      468      403      483      390      470      375
      467      403      468      403      467      404
      439      403      472      402      469      402
      468     1273      463     1290      460     1272
      468      375      469     1272      473      401
      468     1269      472     1274      471    34918
     3509     1715      496     1248      467      402
      468      375      468      402      473     1268
      501      375      466      404      440      403
      467      403      472     1286      483      375
      466     1270      477     1271      495      348
      495     1247      468     1277      466     1271
      471     1272      471     1273      467      404
      468      402      472     1273      468      403
      468      374      465      405      468      402
      500      348      495      375      494      377
      467      376      468      402      473      403
      493      376      469     1272      439      414
      456      403      472      402      495      349
      495     1245      468      404      471     1273
      494      376      466     1275      481     1263
      494      375      437      407      467     1273
      472     1274      493      377      467      403
      466     1278      492      354      493     1247
      467     1273      472      402      494      377
      494     1246      472      367      503     1259
      482      375      467     1273      472      403
      494     1246      468      400      444    34948
     3516     1707      444     1299      442      401
      476      395      473      401      494     1247
      467      375      465      407      471      403
      494      375      467     1273      442      402
      472     1273      468     1268      476      403
      467     1274      469     1271      472     1273
      467     1273      467     1277      467      403
      440      403      468     1273      467      404
      471      404      466      376      465      406
      468      402      468      402      440      403
      472      402      468      403      467      377
      467      403      467      403      468      408
      439      403      468      402      469      402
      451      393      466      403      472     1273
      467      403      467      377      466     1277
      467      403      467      403      468     1284
      461      403      440      404      466      424
      447      403      467      377      467     1273
      472     1273      467      403      468      402
      479      393      444      402      468      403
      467      403      468      376      467      404
      466      404      471      375      468     1273
      464     1289      460     1271      468     1272
      468      403      467     1278      501      370
      468     1273      468     1287      458     1272
      467     1273      472     1271      470      403
      439      404      467      403      467      402
      473      386      457      403      467      403
      467      411      436      400      472      402
      468      403      467      376      467      402
      467     1273      473     1284      452      407
      467      375      469      401      473      403
      468      403      439      405      466      402
      469      402      468      375      469      407
      467     1283      457     1274      466      403
      472      403      442      402      467      403
      467      399      472      376      467      403
      471      403      467      379      466      402
      467      402      468      403      445      402
      469      430      439      403      467      376
      467      404      466     1274      472      403
      466      404      440      404      467      402
      464      407      471     1273      468     1273
      469      375      466      405      470      405
      466      401      440      406      467      403
      467      403      440      403      472      403
      468      402      469      375      467      403
      467      403      471      401      444      401
      479      392      467      403      468      376
      467      402      468      407      467     1273
      469     1268      472     1273      472      414
      430