   759997

      441      404      468      415      458      401
      440      402      467      408      468    25361
     3518     1712      466     1274      467      403
      472      403      479      391      440     1301
      451      392      467      404      471      403
      466      376      468     1273      467      404
      466     1279      470     1270      467      402
      469     1276      468     1273      467     1273
      472     1269      484     1260      472      372
      473      402      468     1272      467      403
      472      435      409      401      467      404
      467      403      468      375      471      398
      472      403      467      402      442      402
      467     1269      478      401      467     1274
      467      403      471      371      473      403
      467     1273      466     1275      471      403
      467      376      467      403      468      402
      473      398      444      404      467      404
      465      400      472      374      473      398
      472      403      467      403      440      403
      468      402      468      402      472      372
      471     1269      472     1285      455     1277
      468      402      468     1272      468      403
      468     1277      467     1273      480    34910
     3508     1722      464     1274      466      376
      468      403      467      401      475     1273
      466      402      441      403      466      404
      472      403      470     1271      466      387
      460     1270      473     1273      466      403
      468     1277      467     1286      450     1276
      471     1273      468     1273      466      403
      473      402      440     1297      445      402
      469      403      472      402      467      376
      468      402      469      402      467      376
      468      403      472      399      472      402
      441      402      468     1286      455      402
      472      403      467      376      467      404
      467     1270      475      398      471      403
      441     1299      440      403      484      387
      472      402      468     1269      471     1273
      472     1272      468      375      468      403
      472     1285      451      409      465     1274
      471     1273      467      376      467      403
      468      402      472     1265      477      403
      451     1287      445      399      471     1273
      468     1273      471      395      476    34920
     3510     1707      477     1273      467      403
      470      373      467      402      472     1272
      468      403      463      404      444      402
      472      404      467     1274      466      404
      440     1301      444     1296      444      403
      468     1272      472     1273      468     1273
      467     1275      471     1272      469      401
      469      402      473     1272      466      376
      468      402      467      401      471      402
      446      398      472      402      467      404
      467      376      468      403      467      402
      472      399      444      403      464      408
      466      403      441      403      467      403
      480      390      472      372      472     1272
      468      402      465      407      472     1272
      468      403      440      403      467      403
      472      410      460      371      472     1269
      471      403      468      402      472     1269
      473     1271      469      401      446      398
      483      384      476      401      468      376
      467      403      468      402      473      371
      472      399      472      402      468     1272
      464     1290      460     1273      467     1274
      466      402      445     1301      436      407
      466     1274      471     1285      456     1273
      468     1272      503     1244      467      402
      468      402      469      376      470      400
      470      416      455      403      440      403
      468      398      475      400      472      371
      472      403      468      402      469      376
      467     1274      471     1282      460      401
      467      402      467      404      439      403
      469      402      472      403      467      376
      469      402      469      401      464      407
      440     1317      428     1300      440      402
      468      403      472      398      472      376
      491      379      468      402      468      375
      468      403      472      403      468      402
      440      404      466      403      468      402
      473      367      477      402      468      402
      468      401      440     1300      446      400
      472      403      465      404      466      376
      469      402      471     1268      473     1272
      468      403      471      399      445      398
      473      402      465      406      440      404
      467      402      472      398      471      376
      468      403      467      403      467      403
      445      398      512      365      467      403
      479      364      465      402      472     1268
      472      403      467      403      441     1295
      450     1300      440      402      468      403
      468