  2039297

      495      373      443      399      503      374
      466      403      441      403      472    25383
     3519     1712      469     1274      472      370
      484      387      498      377      466     1270
      476      398      445      398      472      398
      472      403      468     1271      474      369
      472     1270      473     1271      472      398
      472     1273      468     1272      472     1266
      475     1285      455     1273      472      399
      472      398      446     1299      441      403
      464      407      467      403      471      372
      472      403      468      402      468      375
      467      404      466      402      468      403
      442     1301      443      404      466     1274
      467      403      471      403      468      376
      467     1271      470     1273      472      403
      467      403      468      403      441      402
      467      403      466      404      474      371
      471      402      467      404      467      376
      467      402      472      404      467      402
      442      402      469      400      467      403
      464     1289      460     1273      467     1274
      471      375      468     1273      463      407
      468     1273      471     1285      456    34923
     3509     1717      468     1272      468      403
      468      404      439      404      470     1273
      468      403      466      403      441      403
      467      402      472     1273      465      406
      466     1274      471     1274      466      377
      467     1274      516     1227      470     1272
      467     1277      467     1274      467      403
      467      403      469     1278      466      402
      441      402      468      402      473      403
      466      376      468      403      467      403
      467      400      444      402      472      402
      469      402      441     1302      439      402
      472      403      467      402      469      377
      467     1273      470      404      466     1273
      466      404      467     1273      471     1270
      471      403      440      402      473     1272
      468     1272      469      402      473      403
      466     1275      465      376      471     1273
      468     1273      467      403      472      403
      467     1271      470      403      439     1306
      439      403      468     1272      468      402
      473     1268      472      401      468    34923
     3537     1689      438     1308      437      402
      467      403      468      403      471     1269
      471      376      467      403      468      401
      474      397      445     1311      429      404
      467     1270      475     1269      472      403
      467     1273      467     1277      469     1269
      472     1272      472     1272      468      403
      468      374      469     1277      467      444
      428      403      477      392      438      404
      472      403      467      402      441      403
      467      403      468      402      472      372
      468      406      467      403      468      403
      440      402      471      401      471      403
      468      375      467      403      468     1269
      477      401      467      403      440     1301
      440      404      471      397      473     1274
      467      398      446      402      467     1274
      470      403      467      403      468     1273
      472     1291      451      375      466      405
      466      403      467      404      444      402
      468      403      466      404      467      376
      467      403      468      408      466     1285
      457     1271      472     1273      467     1273
      465      408      438     1306      439      402
      476     1266      466     1278      467     1269
      474     1270      472     1273      467      403
      467      416      428      403      472      402
      467      429      443      374      468      403
      471      404      468      402      440      402
      468      402      468      403      472      371
      485     1257      471     1274      470      400
      471      404      466      403      439      403
      467      403      467      403      469      380
      466      415      456      402      469      375
      467     1274      471     1273      468      402
      468      403      467      403      445      403
      467      403      479      392      466      376
      469      401      473      398      471      403
      441      399      473      402      467      403
      467      376      468      402      472      403
      468      375      470     1271      468      401
      465      406      471      403      441      402
      468      402      468     1273      471     1274
      467      403      463      380      467      402
      472      402      468      403      440      403
      467      404      467      404      470      376
      468      403      467      401      469      376
      470      403      466      403      472      403
      441      402      468      402      468     1274
      468      415      458      375      468     1272
      467     1274      473     1272      467      403
      467