   616472

      464      405      440      402      471      406
      467      403      440      403      467    25389
     3526     1705      465     1274      472      376
      468      401      468      402      467     1279
      462      407      440      403      467      403
      468      403      467     1277      468      376
      467     1273      468     1277      463      408
      468     1267      474     1275      467     1273
      468     1278      466     1275      463      407
      465      403      440     1304      441      402
      467      403      468      402      468      380
      464      406      469      399      470      378
      466      403      466      407      466      403
      440     1305      440      404      467     1271
      470      408      462      407      463      380
      468     1288      452     1279      461      409
      466      403      465      405      441      402
      468      403      467      407      463      381
      466      403      467      403      480      391
      440      403      463      413      461      409
      440      402      467      403      468      402
      468     1278      467     1273      468     1282
      459      376      467     1277      468      403
      467     1274      466     1278      469    34917
     3512     1711      472     1275      465      402
      468      408      440      402      468     1274
      466      402      488      388      467      376
      467      403      467     1274      479      396
      466     1273      468     1269      471      375
      467     1278      468     1272      468     1290
      456     1269      471     1272      469      405
      470      401      469     1271      467      403
      446      402      467      404      470      400
      467      376      468      402      468      403
      471      403      442      401      470      401
      467      403      467     1273      473      375
      466      415      456      402      468      376
      467     1277      468      403      467     1270
      471     1277      468      402      468      402
      452      393      466     1277      467     1270
      472     1273      471      403      468      403
      467     1272      469      386      461     1277
      465     1271      468      407      467      401
      468     1273      467     1277      467      405
      448     1292      440      402      468     1278
      467     1273      467      403      467    34922
     3511     1717      465     1270      471      407
      440      404      467      402      468     1274
      466      405      466      380      468      400
      471      401      468     1273      467      407
      441     1312      430     1298      441      403
      469     1276      467     1274      466     1278
      467     1285      455     1273      472      402
      467      403      467     1277      468      376
      466      403      468      403      467      403
      441      409      466      402      467      403
      440      403      467      403      472      403
      466      377      467      403      467      403
      467      400      445      401      472      403
      480      390      467      375      468     1273
      472      402      468      402      466     1270
      476      402      440      403      467      403
      468      403      470      375      470     1275
      465     1271      477      396      471     1274
      467     1273      468      402      485      363
      467      403      491      381      466      403
      440      403      468      402      472      402
      468      376      468      403      466     1274
      472     1281      460     1271      467     1277
      467      404      467     1272      472      401
      445     1298      454     1287      444     1300
      440     1300      441     1300      445      403
      467      402      467      404      467      387
      461      403      467      402      468      376
      469      401      465      407      471      402
      440      403      467      403      467      403
      468     1272      484     1262      467      374
      469      403      468      402      472      403
      440      403      467      404      466      405
      466      375      468      403      472      399
      473     1271      467     1274      472      375
      468      402      469      402      467      403
      441      403      463      406      472      403
      468      376      466      402      468      402
      468      403      445      399      471      403
      469      402      466      378      466      404
      466      403      471     1274      479      392
      439      403      467      403      472      403
      441      399      473     1270      468     1273
      472      403      467      404      466      387
      458      402      467      400      476      402
      440      403      468      402      467      404
      466      375      468      403      472      403
      467      402      441      404      475      396
      465      404      445      402      467     1274
      467     1273      472      404      466     1269
      473     1283      461      401      468      376
      467