  1972093

      469      374      499      373      499      374
      472      371      499      371      499    25329
     3557     1676      498     1241      498      376
      491      380      498      345      498     1255
      486      375      494      377      498      371
      474      369      499     1243      499      375
      498     1242      499     1246      475      395
      500     1240      499     1247      470     1269
      498     1246      494     1246      512      332
      498      396      475     1247      498      371
      500      371      471      371      498      376
      495      375      499      344      500      370
      497      378      495      349      494      376
      499     1242      498      377      492     1245
      499      371      468      381      493      376
      499     1251      489     1245      471      398
      500      344      499      372      533      341
      495      375      445      398      498      373
      499      371      499      343      512      363
      472      399      498      345      498      386
      485      375      495      375      445      398
      499     1242      499     1246      498     1253
      489      370      498     1247      498      371
      498     1242      498     1247      498    34884
     3549     1681      516     1242      485      346
      497      371      499      371      499     1246
      499      371      471      372      498      368
      503      375      467     1273      475      369
      498     1246      472     1269      499      372
      499     1239      504     1241      499     1258
      459     1268      499     1242      500      374
      472      372      499     1241      498      373
      498      376      473      397      475      370
      497      374      496      372      498      349
      495      375      472      398      499      372
      471      372      498     1246      499      368
      502      372      498      350      493      376
      472     1269      498      372      498     1246
      499      341      503     1245      494      376
      511      359      498      372      472     1272
      445     1296      470      373      497      376
      494     1246      499      372      498     1244
      474     1267      495      349      499      375
      494     1246      499      371      499     1245
      499     1254      514      349      466      377
      471     1268      499      371      499    34887
     3543     1687      498     1245      494      376
      472      371      496      375      500     1245
      497      371      499      346      498      371
      499      375      495     1245      495      376
      471     1273      445     1297      469      372
      498     1245      499     1238      502     1245
      499     1242      498     1258      487      372
      499      371      499     1243      503      342
      499      371      499      372      498      377
      466      377      498      372      498      372
      471      414      457      377      469      399
      501      342      499      372      498      376
      494      376      443      399      498      372
      498      373      494      353      508     1233
      499      372      498      370      499     1246
      498     1243      495     1250      498      371
      471      384      487      371      499     1246
      499     1241      499      368      476     1272
      446     1295      471      372      511      364
      494      376      497      344      500      368
      503      370      499      372      471      376
      495      375      499      371      499     1242
      499     1257      484     1246      498     1245
      472      370      500     1241      499      376
      494     1242      506     1246      491     1247
      498     1242      499     1245      519      352
      497      372      472      370      499      391
      480      376      498      345      499      372
      498      371      501      348      494      373
      474      398      499      371      474      370
      500     1245      484     1256      499      371
      499      375      496      347      472      399
      498      371      499      371      473      376
      494      376      472      398      500      343
      500     1237      503     1245      499      371
      498      372      499      345      498      376
      494      377      498      371      507      338
      509      361      499      375      494      349
      498      371      499      372      498      372
      471      377      493      376      472      395
      504      343      498     1248      497      373
      498      372      499      343      499      371
      498      377      494     1242      503     1245
      494      375      446      398      498      373
      497      372      499      344      498      377
      490      380      499      371      471      372
      498      372      500      375      471      372
      499      372      498      371      512      363
      466      376      499      370      496     1246
      497     1246      499      372      471      371
      499     1243      502     1241      502      371
      497