   780200

      468      373      499      377      496      374
      444      399      471      399      472    25366
     3512     1713      465     1274      471      399
      472      401      470      402      440     1300
      448      397      470      398      472      403
      468      375      472     1270      470      399
      471     1286      459     1268      499      372
      472     1272      472     1268      499     1247
      471     1276      465     1272      495      375
      446      398      472     1268      498      377
      467      433      442      371      472      399
      471      398      510      338      467      404
      467      403      472      398      446      395
      500     1242      477      397      471     1270
      499      376      494      359      457      402
      472     1269      495     1251      466      403
      471      398      446      398      499      371
      499      376      468      376      482      389
      470      395      503      370      473      375
      495      375      473      397      446      398
      472      398      499      375      468      377
      466     1281      493     1243      494     1246
      500      371      498     1247      493      376
      468     1274      498     1256      458    34920
     3514     1714      465     1272      473      398
      445      398      471      400      472     1274
      470      400      470      372      471      402
      479      393      467     1272      473      376
      467     1274      467     1272      473      398
      472     1272      467     1285      457     1277
      467     1273      471     1268      472      403
      468      402      441     1295      460      388
      472      398      472      402      468      376
      468      402      467      403      472      398
      446      402      467      405      466      403
      467      376      468     1283      462      402
      467      404      467      377      471      399
      471     1266      476      403      467      403
      440     1299      457     1287      441     1299
      446      398      472      398      472     1274
      467     1273      472      398      472      382
      461     1271      474      400      471     1268
      472     1273      472      398      472      398
      445      398      481     1278      459     1267
      472      403      467     1273      472      397
      472     1269      472      376      471    34917
     3524     1699      470     1273      473      397
      499      375      468      376      467     1273
      468      403      470      403      467      403
      440      403      472     1281      459      404
      466     1274      468     1272      472      403
      467     1272      472     1273      467     1284
      462     1266      474     1272      472      372
      473      397      472     1273      467      403
      472      425      418      409      461      398
      471      403      441      402      472      398
      472      398      471      373      472      402
      468      402      465      406      445      397
      472      399      483      392      467      375
      467      404      471      399      471     1274
      491      379      444      398      473     1272
      468      403      471      410      461     1268
      498      349      468      401      474      398
      471      372      472     1272      494     1246
      473     1278      488      391      453      402
      472      398      445      399      471      399
      471      403      469      375      467      403
      472      398      472      398      444     1313
      429     1300      445     1296      472     1272
      446      398      468     1273      498      371
      511     1235      499     1240      472     1274
      470     1271      470     1269      499      376
      467      376      471      400      473      397
      472      372      471      395      476      402
      468      402      442      402      472      397
      473      398      472      372      472      402
      469     1311      434     1267      472      403
      467      404      443      399      472      398
      472      397      472      375      469      402
      468      402      473      368      475      393
      472     1287      468     1274      464      400
      462      406      460      387      469      399
      472      397      473      371      473      402
      467      403      472      398      445      400
      470      400      470      399      472      375
      468      402      472      398      473      397
      472      376      480     1261      472      397
      472      420      452      371      470      403
      467      403      471     1269      499     1246
      472      382      461      398      469      402
      471      403      442      402      472      397
      473      397      473      371      472      403
      467      403      467      404      452      392
      480      389      471      399      446      402
      468      402      467      403      472      372
      472      397      473     1269      471     1273
      471     1280      488     1245      498      372
      472