   960159

      466      375      472      403      471      400
      468      402      440      403      467    25392
     3516     1716      464     1274      471      375
      468      403      467      403      468     1272
      472      402      441      403      468      403
      467      403      468     1272      473      376
      466     1270      470     1274      484      391
      467     1273      467     1274      467     1274
      472     1272      468     1273      471      402
      469      402      441     1299      438      408
      470      402      468      404      438      403
      467      403      467      404      471      372
      472      402      479      392      467      400
      444     1299      446      399      470     1274
      468      403      466      403      472      372
      471     1283      459     1272      467      402
      473      403      467      403      442      401
      468      402      468      402      443      402
      471      402      468      403      479      365
      466      403      467      403      472      402
      442      402      470      400      465      407
      467     1272      472     1274      466     1287
      455      375      467     1275      471      402
      467     1274      467     1278      467    34914
     3517     1713      470     1275      467      402
      465      380      466      404      465     1279
      467      403      467      403      441      402
      468      403      467     1269      487      392
      466     1273      472     1273      468      375
      468     1274      439     1302      469     1286
      456     1272      472     1273      467      402
      468      401      471     1276      468      403
      440      403      467      403      479      393
      467      377      470      407      459      405
      466      379      471      402      469      400
      468      402      456     1290      440      404
      465      421      450      401      470      379
      465     1275      466      402      467     1277
      468     1274      466      402      469      408
      452      390      467     1273      467     1277
      469     1272      468      403      472      394
      478     1270      468      388      456     1272
      472     1273      467      403      467      400
      473     1270      472     1273      468      403
      452     1289      446      397      473     1268
      473     1271      468      403      472    34917
     3514     1714      466     1272      471      398
      446      404      467      401      470     1272
      473      398      471      376      469      401
      469      402      467     1273      471      425
      420     1313      431     1295      446      402
      467     1273      472     1268      472     1274
      471     1280      461     1272      466      403
      473      397      472     1269      473      376
      466      404      471      398      471      372
      472      401      470      402      468      402
      441      402      507      365      471      398
      473      371      471      404      467      403
      471      399      445      397      472      398
      485      391      466      373      476     1268
      472      398      499      376      468     1272
      471      371      472      398      472      403
      468      414      434      397      472      398
      473      398      471     1274      472     1269
      471     1269      499      349      467      404
      483      388      470      399      444      398
      500      375      467      403      471      373
      497      374      470      399      472     1273
      472     1268      474     1271      493     1243
      476      371      472     1268      499      376
      467     1274      471     1280      488     1241
      476     1269      499     1245      473      398
      472      398      445      398      472      399
      468      408      467      375      467      403
      472      398      475      396      445      398
      472      402      468      403      467      376
      468     1274      469     1287      454      404
      470      399      472      398      445      403
      467      403      466      401      448      398
      471      399      472      403      468      375
      467     1286      460     1268      472      399
      473      401      471      398      446      398
      472      403      467      403      468      374
      474      397      473      398      472      398
      442      406      466      403      472      398
      444      399      471      399      471      403
      468      375      469     1273      468      402
      486      388      467      404      439      403
      472      398      472     1272      468     1273
      472      396      476      370      472      402
      468      414      456      403      440      403
      472      399      471      404      439      403
      468      399      477      396      473      370
      472      402      468      403      467      403
      457      386      472      399      471      404
      465      377      463     1278      472     1268
      472     1272      472      398      473      410
      459