   810374

      469      405      444      397      474      400
      470      399      468      376      472    25382
     3524     1712      467     1272      468      403
      445      402      468      402      469     1271
      467      404      445      406      465      402
      467      403      468     1274      466      375
      472     1273      467     1274      467      403
      472     1269      474     1271      468     1272
      473     1272      467     1274      472      399
      472      403      439     1300      440      403
      471      399      471      403      468      375
      467      403      468      403      470      401
      444      404      466      404      466      402
      439     1302      444      398      472     1274
      481      390      467      403      467      375
      474     1272      467     1285      455      404
      471      404      467      401      443      402
      466      403      467      404      468      375
      472      403      468      402      467      403
      441      403      479      434      430      402
      467      376      468      402      467      403
      467     1276      467     1274      467     1269
      477      386      457     1272      468      402
      468     1277      467     1274      463    34926
     3511     1707      476     1273      466      403
      471      401      444      403      467     1273
      468      402      467      404      473      370
      472      403      468     1273      467      404
      468     1285      459     1273      463      408
      439     1300      445     1300      441     1299
      440     1317      442     1287      439      403
      468      402      473     1273      468      402
      441      402      467      403      467      404
      472      375      479      392      467      402
      468      403      441      402      468      403
      472      402      468     1289      452      375
      467      403      472      402      468      415
      429     1300      440      403      472      402
      467     1269      473     1267      477     1272
      468      402      453      392      466     1273
      468     1277      468      402      469      402
      467     1274      471      375      468     1284
      488     1247      466      403      469      401
      468      402      441     1304      440     1300
      441      399      471     1289      457      401
      466     1274      471      398      473    34914
     3527     1704      466     1272      469      380
      468      402      467      403      467     1275
      471      375      466      404      467      403
      467      403      453     1290      444      402
      467     1273      468     1284      461      402
      468     1269      473     1275      467     1273
      468     1273      471     1275      467      399
      471      375      468     1276      467      403
      468      403      467      403      441      402
      473      401      468      402      464      382
      464      399      472      402      472      376
      467      404      467      403      467      402
      441      402      473      402      468      403
      468      376      466      405      466     1286
      459      403      466      403      441     1301
      439      400      476      402      468     1272
      468      403      467      376      467     1289
      457      404      466     1268      473     1272
      471     1274      468      402      468      403
      440      403      474      396      472      403
      442      401      469      402      467      403
      467      377      471      398      473     1273
      467     1268      477     1284      456     1273
      467      403      472     1273      467      403
      442     1299      444     1299      443     1298
      440     1301      444     1297      445      402
      467      403      468      403      472      371
      472      403      467      414      457      402
      442      401      471      432      442      396
      445      404      467      403      467      402
      468     1274      472     1273      478      364
      463      408      467      403      466      404
      439      403      472      403      467      402
      468      376      467      403      468      403
      468     1277      469     1272      467      403
      445      403      467      403      466      404
      440      404      467      401      474      403
      466      376      467      403      468      406
      464      403      441      402      472      403
      467      403      467      421      424      403
      466      404      467     1273      470      403
      440      403      464      407      467      403
      472      371      468     1278      468     1272
      472      398      474      401      467      376
      467      403      468      399      468      407
      444      402      468      402      467      403
      468      376      468      402      473      397
      472      403      440      402      469      398
      472      402      484      360      472     1273
      466      404      466     1277      467     1281
      462     1271      472     1284      457      402
      467