  1037477

      430      406      472      416      455      403
      439      403      468      403      482    25356
     3507     1728      458     1272      468      402
      468      403      471      398      445     1298
      443      403      467      403      467      403
      472      387      457     1272      467      405
      465     1275      471     1270      468      403
      472     1273      467     1285      456     1269
      476     1273      467     1272      472      403
      441      402      469     1272      464      419
      460      401      468      377      466      403
      467      404      466      376      472      403
      467      402      469      402      441      404
      468     1271      484      390      467     1274
      467      404      466      376      472      402
      468     1269      472     1272      472      403
      467      415      429      402      468      402
      468      407      468      376      467      403
      466      404      467      401      441      408
      466      404      467      403      440      402
      480      391      472      403      466      378
      466     1275      465     1272      472     1272
      468      403      472     1269      474      400
      467     1273      471     1274      467    34918
     3526     1704      465     1276      467      405
      440      402      468      402      468     1285
      460      404      465      376      467      404
      467      403      468     1273      471      376
      468     1273      467     1289      457      401
      469     1272      464     1282      466     1274
      466     1273      473     1286      454      401
      467      403      440     1305      440      403
      467      403      467      403      467      377
      472      402      467      403      468      421
      421      406      466      404      467      403
      471      376      469     1272      468      403
      467      403      467      375      470      407
      467     1285      456      403      465      405
      439      402      473     1273      467      402
      465      406      466     1278      467     1273
      479     1262      471      377      467      402
      467     1275      471      403      468     1273
      467     1272      472      403      441      402
      467      400      471      402      468     1273
      471     1274      467      376      468     1272
      473     1282      459      401      468    34915
     3524     1710      467     1272      468      402
      472      371      472      403      468     1270
      470      404      470      399      457      391
      467      401      469     1273      471      399
      471     1270      471     1272      472      371
      472     1285      456     1273      471     1271
      470     1272      468     1273      472      402
      469      402      468     1285      455      403
      442      401      472      403      468      403
      467      375      468      403      467      402
      472      371      473      402      469      401
      469      415      428      403      467      403
      472      398      473      375      467      403
      468      403      467      403      441     1300
      445      402      469      401      481     1260
      471      403      467      375      468      404
      466      403      468      373      476      396
      473     1272      468     1273      471     1274
      468     1272      466      405      467      402
      445      403      467      404      466      403
      468      376      467      403      471      399
      472      403      441      403      468     1271
      468     1277      467     1274      467     1274
      470      404      468     1272      467      402
      474     1272      467     1273      466     1273
      471     1273      468     1278      467      375
      469      401      468      402      469      375
      471      403      468      401      468      403
      440      403      474      396      472      403
      465      378      467      403      468      402
      473     1268      471     1272      472      403
      440      403      468      402      468      402
      468      374      473      403      487      384
      466      375      470      401      467      402
      472     1272      468     1274      471      404
      439      399      484      391      466      403
      467      376      471      404      467      403
      467      403      440      403      467      404
      471      404      468      375      466      403
      467      415      461      397      445      403
      468      402      468     1273      471      399
      441      407      467      403      466      404
      466      375      468     1289      455     1274
      466      403      481      395      466      405
      440      404      464      399      467      407
      477      377      465      402      466      476
      395      399      438      402      472      410
      472      396      441      402      468      401
      473      402      468      376      467      402
      467     1273      473     1272      467     1271
      472     1274      466      403      467      403
      441