  3503435

      469      379      494      374      497      375
      473      370      472      398      472    25387
     3546     1684      463     1278      471      371
      499      376      494      376      467     1273
      445      399      510      365      490      380
      494      349      496     1244      472      400
      470     1274      493     1246      472      399
      472     1284      484     1245      495     1247
      498     1247      494     1242      499      375
      446      397      485     1261      494      376
      494      376      496      348      494      376
      473      398      499      376      467      376
      495      375      495      376      494      348
      495     1245      499      377      490     1252
      494      375      471      372      471      399
      498     1247      494     1257      468      392
      498      376      468      376      493      376
      495      376      471      372      473      401
      495      376      494      376      467      372
      499      376      472      398      499      349
      494      376      494      376      495      350
      493     1246      498     1242      499     1246
      495      377      471     1273      494      376
      494     1246      468     1274      498    34890
     3515     1725      476     1255      492      377
      454      393      494      376      496     1240
      499      376      471      371      472      398
      499      376      495     1246      495      376
      466     1290      458     1271      467      376
      494     1248      498     1248      494     1244
      468     1284      488     1246      494      376
      495      376      467     1274      445      398
      495      380      494      375      495      349
      494      376      496      377      470      399
      444      398      499      376      494      376
      494      350      494     1247      471      399
      499      376      494      375      469      377
      494     1246      472      395      503      374
      467     1274      468     1272      445     1300
      468     1283      458      375      472     1269
      499     1245      494     1247      472     1273
      490      380      495      379      493     1245
      471     1270      498      349      494      376
      495     1243      498      376      472     1269
      499      376      466      377      494     1247
      471     1265      504      376      494    34884
     3525     1706      498     1245      472      398
      473      383      487      372      498     1246
      491      380      494      349      473      398
      471      399      499     1246      495      376
      467     1285      430     1300      471      376
      494     1246      495     1245      498     1247
      494     1245      474     1268      499      376
      495      376      493     1247      473      372
      471      394      503      376      494      376
      468      375      506      365      494      376
      472      371      472      399      499      376
      494      376      464      381      493      376
      494      376      445      399      497      377
      494      376      495      349      494      376
      494      376      471      400      473     1270
      468     1275      467     1272      472      375
      494      377      494      377      493      349
      472      398      472     1274      493      376
      495     1246      473      397      445      437
      464      376      489      378      467      376
      494      375      473      398      500      348
      495      375      495      376      494     1242
      478     1271      494     1244      497     1247
      498      376      466     1269      472      376
      472     1268      499     1245      506     1236
      472     1269      498     1246      471      399
      472      398      499      349      495      376
      494      376      496      369      450      393
      476      398      502      374      467      376
      495      375      494      376      472      372
      471     1273      495     1241      498      378
      471      399      497      377      467      376
      494      377      494      375      473      371
      472      398      495      381      494      375
      467     1287      432     1300      467      376
      495      375      494      377      491      353
      471      398      499      376      494      349
      494      377      494      375      485      386
      445      398      499      375      496      371
      499      347      494      376      472      398
      499      376      467     1273      468      376
      471      399      472      399      500      346
      495      376      494     1246      472     1273
      494      377      493      349      495      376
      467      404      498      376      468      377
      493      376      493      376      472      372
      471      399      498      376      495      375
      472      373      494      376      471      399
      472      373      498     1246      492     1247
      471     1270      499      375      495     1245
      472      398      473     1284      483      349
      494