   803489

      469      375      502      373      498      374
      495      347      470      401      500    25358
     3546     1686      466     1274      506      338
      472      399      471      400      499     1246
      493      349      468      403      484      387
      472      398      445     1291      477      375
      467     1273      473     1268      474      396
      500     1295      425     1269      470     1271
      497     1247      467     1274      472      398
      468      376      472     1280      461      403
      468      402      468      376      467      403
      472      399      472      398      442      402
      473      397      472      403      466      377
      467     1286      460      398      472     1269
      472      401      470      403      440      404
      467     1274      471     1270      471      407
      464      403      467      373      472      402
      467      404      467      376      468      403
      473      397      473      398      445      403
      467      404      467      403      465      379
      468      403      467      403      467      404
      441     1303      442     1299      441     1297
      445      402      467     1275      471      405
      466     1275      466     1273      464    34928
     3511     1708      477     1272      467      403
      445      399      480      390      468     1273
      471      404      468      376      464      408
      466      404      466     1273      473      398
      445     1301      442     1299      441      403
      472     1268      472     1274      468     1273
      467     1274      485     1258      472      400
      467      403      468     1274      467      376
      468      403      472      398      472      395
      450      402      467      402      472      400
      468      375      469      402      468      402
      467      377      472     1273      469      402
      467      403      468      402      441      403
      468     1275      471      403      467      403
      468      375      465      408      466      404
      467      404      439      403      467      402
      473      398      473      375      480      391
      467      403      504      340      467     1274
      467      403      468      402      472      403
      441      402      468      403      468     1271
      472      401      467      376      473     1273
      468     1272      468      403      472    34913
     3518     1715      469     1271      470      404
      466      403      441      403      467     1279
      466      403      468      403      441      402
      514      358      468     1272      474      397
      472     1285      456     1274      467      376
      467     1270      476     1273      467     1273
      468     1290      455     1271      471      402
      468      402      467     1274      467      403
      445      404      436      435      467      403
      467      376      470      401      467      403
      468      402      446      402      436      435
      467      403      440      404      467      403
      467      404      464      380      468      402
      440      447      456      401      441     1300
      440      403      467      404      440     1300
      475      400      469      376      466     1274
      478      397      436      434      437     1304
      467     1271      471      403      440     1305
      440      404      467      402      469      414
      456      376      468      404      463      409
      465      380      436      435      436      434
      468      403      440      402      467     1274
      468     1274      441     1304      468     1273
      467      403      468     1278      467      403
      468     1275      466     1286      454     1279
      467     1274      467     1270      472      375
      472      402      439      432      436      435
      454      390      467      403      468      403
      467      375      470      401      467      408
      436      407      437      434      470      397
      467     1283      466     1274      459      412
      405      443      461      405      468      407
      462      375      467      404      467      408
      436      434      409      435      467      403
      536     1207      467     1278      435      434
      467      379      465      403      468      403
      467      376      468      399      471      407
      436      434      410      434      468      402
      469      402      468      375      468      402
      468      403      467      408      437      407
      435      435      468     1273      468      405
      466      375      468      408      435      434
      437      434      405     1337      439     1302
      440      403      467      408      436      434
      411      433      437      434      495      376
      467      376      468     1276      463      408
      436      436      435      435      408      434
      468      403      468      399      472      375
      468      403      467      407      436     1305
      468     1273      469      401      441     1301
      444      403      479     1262      467     1274
      472