  1711042

      442      402      465      426      445      404
      470      372      471      404      468    25387
     3518     1716      441     1301      440      445
      428      401      467      405      465     1275
      471      372      472      403      468      401
      468      376      470     1267      472      402
      469     1276      469     1272      468      403
      467     1278      432     1323      454     1272
      468     1277      467     1274      467      403
      441      398      473     1277      468      401
      469      402      468      376      467      403
      467      407      468      403      440      399
      472      402      467      403      468      375
      467     1279      467      403      468     1272
      469      403      463      411      436      407
      467     1274      467     1277      464      407
      468      403      439      404      464      407
      467      402      468      377      468      406
      463      408      467      403      440      404
      466      403      468      403      468      381
      463      419      449      407      467      403
      441     1300      440     1305      441     1296
      445      402      467     1280      460      411
      465     1274      467     1278      463    34922
     3526     1705      462     1279      466      403
      441      403      467      408      468     1284
      457      402      469      375      467      405
      466      402      468     1278      467      404
      440     1301      440     1302      439      403
      468     1277      467     1274      468     1278
      464     1276      468     1269      474      400
      468      403      467     1278      463      380
      468      403      467      403      468      376
      463      408      467      407      463      407
      442      402      468      402      468      403
      468      376      467     1277      460      412
      466      402      469      403      440      403
      467     1278      473      397      469      402
      469      376      466      401      471      402
      466      376      468      403      467      408
      464      406      441      403      467      404
      468      414      456      417      428     1273
      466      408      463      408      466      403
      441      403      467      404      467     1278
      459      412      478      365      468     1273
      469     1271      467      408      467    34915
     3517     1714      470     1269      473      402
      467      376      469      402      471     1274
      468      403      467      403      442      401
      469      424      448     1276      467      403
      467     1274      468     1276      469      371
      471     1270      472     1272      468     1273
      468     1278      467     1285      465      394
      467      408      462     1278      468      403
      440      404      467      404      466      408
      463      380      462      408      468      400
      470      376      467      403      468      402
      469      407      436      407      463      407
      468      403      467      372      471      402
      468      403      467      408      448     1292
      441      402      468      403      468     1278
      459      411      468      376      466     1274
      467      407      463      419      457     1272
      468      375      467     1280      462     1278
      467      402      469      403      467      406
      437      408      472      399      466      404
      466      376      468      402      467      407
      464      406      437      407      467     1273
      468     1273      470     1286      459     1271
      468      403      468     1278      467      404
      466     1270      472     1277      466     1274
      468     1273      467     1278      460      384
      463      407      467      403      468      376
      467      402      468      415      457      402
      440      407      466      405      465      405
      468      376      467      403      468      403
      476     1270      466     1273      485      401
      427      400      470      407      463      408
      466      376      468      403      468      402
      467      404      440      407      463      407
      468     1269      476     1269      468      408
      435      407      468      404      466      403
      467      376      467      404      463      407
      468      407      437      406      465      407
      468      402      467      377      466      403
      467      404      467      407      441      404
      466      403      468     1273      468      402
      442      406      476      395      471      400
      467      375      467     1270      472     1273
      467      408      468      402      468      403
      441      403      467      416      454      405
      466      380      463     1277      468      404
      466      404      467      403      441      402
      468      406      464      407      437      407
      479      391      468      402      467     1279
      468      376      467     1274      467     1269
      472      406      468     1287      454     1277
      463