   689186

      463      405      441      404      467      402
      468      402      447      397      473    25383
     3522     1713      466     1274      472      371
      472      403      480      391      467     1273
      467      403      445      398      473      402
      468      403      467     1270      471      376
      467     1284      461     1274      467      403
      468     1272      468     1279      467     1274
      467     1273      478     1267      469      401
      466      405      440     1300      446      397
      473      403      467      403      467      377
      467      403      467      415      474      359
      439      434      468      401      469      401
      441     1305      436      402      442     1304
      468      399      472      401      479      365
      472     1273      467     1274      467      404
      467      403      469      419      424      407
      436      435      467      403      467      375
      472      399      468      402      440      408
      436      435      467      403      463      408
      440      403      467      404      466      408
      435     1304      467     1274      467     1273
      472      375      468     1273      468      407
      463     1278      467     1274      469    34915
     3523     1745      435     1270      468      403
      472      404      440      403      467     1274
      467      403      468      402      438      406
      471      415      456     1273      468      403
      467     1273      473     1272      465      381
      466     1273      467     1289      457     1273
      467     1273      440     1301      471      403
      467      403      468     1277      437      443
      400      434      468      402      468      417
      453      375      468      407      436      434
      468      403      440      403      467      404
      466      408      437     1315      431      401
      467      404      467      403      467      376
      468     1277      468      403      468      402
      468      403      443      401      466      408
      466      404      467      376      467      403
      467      403      467      408      437      407
      463      407      466      404      468     1273
      467      380      464      407      436      434
      468      375      468      402      468     1306
      436      407      467      403      439     1301
      440     1305      409      435      466    34918
     3519     1724      455     1273      443      432
      466      403      468      376      468     1274
      466      408      467      403      467      416
      427      403      468     1278      462      408
      467     1274      467     1273      467      408
      442     1294      457     1288      439     1306
      439     1301      440     1333      409      406
      468      402      468     1272      469      407
      467      375      468      403      467      403
      468      403      437      408      466      402
      468      407      468      377      466      404
      467      402      468      406      437      403
      468      407      489      382      441      401
      468      402      467      403      468     1278
      467      376      468      403      467     1269
      473      402      467      408      436     1306
      440      402      468      403      467      404
      468     1296      446     1288      456     1272
      468      376      468      403      467      407
      464      407      440      403      463      408
      467      403      441      402      468      407
      477      393      467      376      467     1273
      468     1275      467     1277      467     1275
      466      403      467     1290      456      402
      467     1271      471     1277      463     1279
      468     1273      468     1284      457      406
      436      407      468      403      467      403
      467      376      469      402      467      407
      463      407      439      405      466      405
      468      413      456      375      468      408
      462     1278      468     1273      467      408
      459      385      463      406      468      403
      467      404      452      391      467      403
      467      408      462      381      468      402
      468     1273      467     1277      468      402
      468      403      440      415      456      406
      464      407      463      397      451      403
      467      403      467      376      466      404
      467      408      463      407      437      407
      467      403      469      403      466      377
      468      406      463     1279      467      403
      467      403      441      402      468      403
      468      407      460     1282      467     1273
      466      377      469      406      464      407
      467      376      468      403      467      404
      467      402      440     1305      440      405
      466      402      468      403      467      376
      468      403      468      427      443      407
      436      408      467      403      467      403
      468     1277      464     1277      468     1269
      472      375      468     1278      468     1273
      468