   717898

      469      378      468      402      475      398
      463      382      471      397      472    25362
     3519     1709      474     1269      472      398
      473      401      468      403      441     1300
      445      398      472      396      475      403
      441      413      458     1272      470      399
      472     1270      471     1274      467      403
      467     1274      471     1285      456     1274
      467     1273      470     1276      467      376
      469      401      468     1274      472      409
      463      396      446      404      463      408
      465      403      468      375      468      403
      472      398      472      403      441      401
      468     1273      481      388      477     1270
      468      403      440      403      468      403
      467     1273      473     1271      470      403
      467      375      471      400      467      403
      472      398      446      403      467      403
      467      404      467      376      465      406
      467      402      472      404      440      403
      467      404      467      402      441      403
      467     1274      468     1278      466     1273
      467      403      472     1273      468      402
      468     1270      471     1278      467    34915
     3521     1711      469     1273      472      371
      474      397      472      398      473     1270
      471      402      441      402      468      402
      467      404      472     1273      468      376
      467     1271      471     1285      460      401
      471     1269      476     1277      460     1277
      463     1285      460     1302      443      403
      464      376      436     1305      467      399
      472      403      467      403      440      407
      437      434      469      402      469      375
      512      361      467      403      467      402
      439      410      435     1305      467      403
      467      403      468      375      470      406
      436     1304      465      406      467      403
      441      402      468      407      463      408
      409      434      467      403      468      403
      466      376      470      402      467      406
      463      409      409      434      467     1273
      468      403      467      407      464      380
      463      404      441      433      468     1274
      466      404      440      404      467     1278
      467     1274      467      402      467    34927
     3513     1708      471     1273      467      404
      445      398      442      433      468     1273
      497      374      468      374      468      403
      441      433      436     1307      466      404
      440     1305      440     1296      445      403
      467     1273      467     1277      437     1304
      467     1271      471     1289      425      434
      468      402      470     1271      467      376
      468      408      432      439      435      407
      468      403      468      403      467      406
      439      402      469      401      467      408
      436      409      434      436      466      403
      468      403      441      403      467      403
      467      408      436      407      434     1306
      469      397      472      402      469     1273
      440      408      436      434      467     1274
      467      403      468      405      444     1299
      441     1300      439     1305      410     1332
      440      403      465      406      467      402
      480      369      435      435      436      435
      467      403      441      402      468      403
      468      407      473      370      436     1303
      469     1284      457     1278      435     1304
      468      403      467     1274      440      434
      467     1274      467     1289      425     1301
      472     1272      467     1279      437      433
      410      433      469      402      468      402
      441      417      454      407      462      406
      437      407      469      402      467      403
      467      403      442      402      468      407
      463     1274      472     1285      455      403
      467      380      463      408      436      435
      467      403      441      402      491      381
      467      402      442      403      467      407
      464     1289      456     1275      466      404
      466      372      473      402      468      407
      463      407      410      433      468      402
      468      403      480      364      467      408
      463      408      436      434      440      403
      467      403      467      404      440      403
      468      406      463     1280      466      403
      472      372      467      404      467      404
      466      408      435     1305      440     1301
      441      402      482      394      462      407
      438      406      469      401      469      402
      467      404      440     1303      409      436
      467      399      471      403      467      376
      468      402      468      408      436      406
      436      433      468      403      468     1315
      400     1304      466     1274      467     1279
      467      405      440     1300      437     1304
      439