  2876493

      435      404      499      372      499      373
      494      348      495      376      471    25386
     3542     1688      444     1299      468      376
      494      376      494      381      468     1267
      499      349      494      375      494      376
      472      398      445     1301      467      376
      493     1243      515     1235      494      375
      495     1246      471     1273      495     1242
      476     1268      499     1246      495      375
      468      376      494     1246      499      378
      493      375      495      349      495      376
      470      400      499      375      478      365
      494      375      494      376      471      371
      469     1278      494      376      493     1247
      472      398      473      402      467      388
      483     1242      499     1246      498      376
      494      376      467      377      494      376
      472      398      472      371      499      373
      510      364      494      377      467      375
      495      376      472      399      471      372
      499      375      495      376      494      373
      472     1271      445     1311      459     1271
      468      375      494     1246      496      380
      494     1246      494     1247      483    34899
     3521     1722      485     1247      471      398
      445      394      503      375      495     1246
      494      377      471      371      473      403
      494      376      505     1232      475      398
      445     1300      467     1273      468      376
      494     1246      472     1275      495     1245
      471     1274      493     1248      494      376
      471      400      492     1252      493      348
      506      364      495      376      472      371
      499      376      494      376      495      375
      470      376      493      376      471      399
      498      350      493     1257      484      376
      472      399      471      403      468      373
      497     1246      494      376      473     1272
      494      376      495     1257      461     1269
      499     1245      494      350      494     1245
      473     1273      494     1253      488     1247
      470      404      493      377      494     1246
      495     1246      513      362      467      375
      495      376      505      366      444     1300
      467      376      494      376      495     1241
      477     1273      494      376      494    34887
     3520     1715      493     1257      460      372
      498      376      494      376      491     1250
      471      399      445      398      498      377
      494      376      494     1258      460      371
      530     1216      494     1246      471      398
      499     1246      494     1246      472     1285
      483     1246      494     1245      473      403
      494      350      493     1243      499      375
      474      396      473      413      456      376
      495      376      494      376      494      349
      473      397      473      398      499      376
      467      376      495      375      495      376
      494      351      481      388      472      402
      495      349      494      376      491     1249
      471      399      472      398      473     1272
      467     1285      434     1291      478      375
      494      376      495      376      470      372
      472     1273      494      375      495      376
      494     1254      492      375      467      376
      494      377      494      375      472      372
      472      403      494      376      494      349
      495      375      494      377      472     1283
      484     1245      494     1246      500     1241
      500      375      469     1271      445      399
      511     1234      494     1246      490     1252
      498     1246      495     1245      472      399
      498      388      483      349      493      374
      498      375      472      398      444      405
      493      376      496      375      492      353
      492      375      472      402      494      373
      472     1272      467     1273      471      376
      495      376      494      376      467      376
      473      397      468      408      494      349
      494      376      496      375      494      376
      445     1299      468     1273      496      348
      495      376      471      399      498      348
      495      376      494      376      494      376
      469      375      471      399      498      375
      469      376      495      375      494      376
      471      371      499      376      494      376
      494      376      479     1258      477      375
      493      376      495      376      494      350
      495      375      471     1274      494     1245
      492      391      460      397      445      404
      493      376      494      376      468      376
      493      377      473      397      499      351
      489      380      493      376      494      376
      444      400      499      376      495      375
      494      348      495      376      494      376
      473     1269      498      375      467     1274
      444      410      488     1246      494      376
      494