   772808

      435      406      467      401      471      402
      439      403      467      407      467    25360
     3515     1715      470     1274      466      405
      478      391      466      403      445     1296
      444      402      468      402      468      403
      472      376      467     1274      467      403
      467     1289      454     1274      468      403
      467     1278      467     1275      465     1273
      468     1290      455     1272      472      403
      440      402      468     1272      467      403
      502      374      466      376      467      403
      468      415      455      375      473      398
      472      402      468      404      439      403
      467     1268      477      402      468     1273
      469      401      486      359      471      404
      465     1273      470     1272      471      403
      467      404      440      402      468      403
      468      402      473      371      474      400
      463      408      466      376      467      403
      468      402      473      398      445      398
      472      403      467      403      467      376
      469     1284      459     1273      468     1275
      470      399      471     1275      465      399
      473     1271      473     1285      456    34922
     3509     1724      456     1277      468      401
      442      403      463      408      467     1272
      473      402      440      405      466      416
      454      403      467     1277      465      380
      466     1274      466     1273      472      403
      468     1272      479     1258      477     1271
      470     1271      472     1269      471      404
      467      405      438     1309      437      401
      467      403      468      403      466      378
      467      403      471      398      472      403
      441      403      464      407      466      404
      466      377      472     1274      464      404
      466      403      469      375      467      403
      498     1248      468      401      469     1272
      472      399      445      402      468      402
      467      404      467     1274      472     1272
      495     1246      466      377      471      399
      472     1273      468      400      470     1272
      498     1246      466      403      441      403
      471     1273      496      375      469      403
      467     1273      471      372      472     1273
      467     1275      469      404      468    34918
     3513     1708      472     1285      459      404
      466      377      466      403      467     1274
      472      398      472      402      441      403
      467      403      469     1272      484      391
      468     1272      466     1270      476      376
      467     1273      467     1273      472     1273
      495     1240      472     1278      493      377
      467      402      468     1273      498      377
      466      376      465      407      477      394
      443      403      494      375      495      376
      467      377      466      403      471      404
      494      375      468      373      498      375
      468      403      472      374      497      374
      494      375      468      402      442     1304
      440      407      491      374      467     1273
      472      403      440      404      494      378
      465      403      466      376      499      376
      491      380      493     1247      467      403
      445     1299      442      402      469      401
      465      406      469      375      470      404
      494      376      494      377      440      402
      468      403      467      403      499     1246
      468     1281      459     1271      473     1273
      469      375      466     1274      472      400
      471     1272      468     1285      456     1277
      467     1275      466     1269      477      402
      468      376      468      402      468      402
      469      413      429      404      466      403
      472      403      465      380      467      402
      467      403      467      403      440      402
      473     1272      470     1284      454      404
      471      403      468      375      467      404
      467      402      468      375      468      403
      471      404      467      403      441      416
      455     1284      460     1273      467      404
      466      405      465      376      468      402
      472      403      469      402      440      402
      468      403      479      391      472      375
      467      403      466      405      466      376
      468      402      468      407      467      402
      441      404      466     1274      472      402
      468      402      470      375      466      405
      466      405      465     1278      467     1274
      467      402      442      402      467      405
      468      401      468      382      463      406
      472      402      469      407      431      402
      471      396      471      402      444      404
      470      399      467      403      468      375
      472      403      468      403      468      402
      440      402      468     1278      466      404
      467     1270      471      402      472      372
      472