   971932

      438      409      466      407      464      404
      466      375      469      403      486    25348
     3515     1725      455     1271      472      403
      467      402      468      403      441     1296
      450      401      469      402      467      403
      467      377      467     1273      472      403
      494     1242      499     1245      468      403
      500     1246      494     1258      455     1273
      500     1246      494     1245      472      403
      467      376      495     1246      463      409
      465      403      499      348      494      376
      495      375      467      404      440      403
      469      402      498      376      468      378
      493     1245      479      391      499     1245
      495      376      466      377      472      403
      494     1242      499     1246      467      402
      500      377      466      376      495      375
      466      404      467      376      472      398
      499      376      494      376      467      376
      467      404      467      403      444      399
      511      364      495      375      493      351
      467     1273      471     1274      467     1274
      467      402      468     1282      464      402
      494     1246      468     1277      468    34913
     3517     1715      468     1271      498      406
      413      401      468      402      468     1272
      472      404      466      376      467      404
      467      403      471     1269      472      375
      468     1273      467     1290      454      404
      466     1274      467     1278      466     1273
      468     1277      468     1284      456      403
      471      397      447     1299      442      402
      468      402      473      397      473      376
      466      403      467      403      468      400
      444      402      472      403      467      402
      467      377      467     1272      473      401
      467      403      468      375      465      407
      466     1286      460      402      467      404
      440      403      467     1273      472     1269
      472      403      467      403      472     1268
      484     1262      467      375      473      397
      472     1274      467      403      466     1274
      472     1272      467      415      428      402
      472      394      476      403      467     1274
      467      376      471     1274      467      402
      468     1274      471      400      471    34913
     3519     1719      459     1276      469      375
      468      402      468      403      467     1273
      473      404      439      404      466      402
      480      391      467     1278      467      376
      468     1273      467     1273      473      402
      467     1274      467     1274      472     1272
      469     1266      473     1276      468      403
      467      404      439     1302      440      402
      472      402      464      408      466      376
      467      403      467      404      471      372
      472      402      468      403      468      403
      439      403      465      418      460      402
      468      375      468      402      468      403
      467      403      446      398      472     1273
      467      401      470      403      471     1285
      454      376      467      403      467     1274
      471      403      467      387      459      401
      468      403      469     1271      471      415
      429     1299      442      402      472      399
      467      408      466      376      467      403
      468      403      467      403      447      396
      472      403      481      390      467     1270
      475     1274      466     1272      467     1273
      472      376      467     1282      460      401
      472     1273      468     1273      467     1273
      473     1277      465     1271      484      386
      472      375      468      402      467      403
      467      403      445      399      471      403
      468      402      469      375      468      402
      473      401      467      403      440      402
      468     1272      472     1270      472      402
      468      402      467      376      472      399
      472      402      468      403      440      403
      467      404      467      404      443      398
      472     1274      467     1273      471      399
      472      403      467      376      467      398
      476      400      473      397      445      404
      466      404      466      403      467      376
      466      403      472      398      473      402
      442      401      470      401      468      399
      442      405      470     1272      468      402
      468      403      471      372      469      407
      466      404      465     1275      471     1276
      466      402      440      403      468      403
      467      404      471      375      468      403
      467      403      468      402      441      402
      472      402      468      416      429      400
      468      417      453      402      472      376
      467      404      466      404      467      403
      440      403      468     1278      467      403
      478     1264      470     1272      469      401
      469