  1041589

      465      378      468      418      458      402
      467      376      469      400      467    25393
     3514     1725      421     1304      457      390
      473      415      456      400      466     1278
      467      376      468      402      468      402
      468      403      442     1320      423      403
      467     1273      472     1273      467      403
      468     1269      477     1271      467     1273
      467     1273      472     1274      468      407
      464      376      466     1273      472      403
      467      403      466      404      441      402
      468      402      472      403      441      402
      470      401      469      401      467      378
      465     1279      467      402      468     1284
      454      406      471      403      441      402
      467     1273      468     1272      472      403
      468      402      469      376      478      392
      465      404      471      404      439      403
      468      402      468      402      441      403
      468      401      473      399      472      375
      467      404      467      404      469      402
      443     1301      439     1301      440     1297
      449      402      468     1273      466      403
      480     1266      467     1273      465    34917
     3525     1705      471     1272      468      403
      467      377      471      403      468     1272
      463      407      466      372      476      403
      467      403      467     1273      468      402
      445     1300      441     1324      417      403
      472     1272      467     1273      467     1273
      472     1275      462     1278      470      403
      468      405      466     1273      467      376
      473      397      472      402      465      407
      439      402      468      403      468      403
      471      371      472      415      457      402
      467      376      468     1268      477      402
      468      403      467      402      441      403
      468     1273      472      402      478      392
      468      372      472     1272      472     1272
      468      403      468      402      473     1273
      467     1279      461      401      445      399
      472     1273      467      402      468     1272
      473     1270      471      402      467      376
      479      392      472      402      469     1272
      469      401      441     1296      449      403
      467     1274      466      404      467    34922
     3509     1715      467     1276      468      402
      441      402      465      407      472     1272
      468      402      467      376      467      403
      472      402      468     1284      452      408
      444     1300      441     1300      440      401
      472     1273      468     1268      485     1266
      467     1272      467     1274      471      400
      470      404      467     1269      472      375
      468      414      461      402      467      377
      468      402      467      403      468      402
      441      403      472      403      467      404
      466      376      467      403      467      403
      483      392      441      401      467      403
      468      402      465      380      466     1274
      471      404      466      403      468     1273
      471      387      457      403      474     1267
      467      402      472      403      441     1299
      441      403      466     1274      472      401
      481     1262      466      403      472      371
      473      402      468      403      466      404
      440      403      467      411      465      396
      474      375      466      416      455     1274
      466     1278      467     1273      464     1277
      471      403      468     1273      478      366
      471     1273      467     1269      473     1272
      472     1272      467     1274      471      414
      457      403      467      403      439      402
      468      403      471      403      468      375
      469      401      470      402      466      403
      446      398      471      429      442      403
      466     1274      471     1273      467      377
      467      403      467      403      467      403
      445      404      467      402      469      401
      443      402      466      403      471      404
      467     1273      467     1269      476      376
      466      403      467      403      468      403
      441      402      468      402      472      403
      467      376      467      403      467      403
      467      403      446      402      468      403
      467      403      442      401      467      403
      486      390      466     1269      472      376
      467      403      467      403      472      403
      440      403      467     1274      467     1281
      465      401      468      402      467      376
      466      406      465      404      471      403
      439      404      467      403      464      407
      440      403      467      402      472      405
      467      376      467      404      466      404
      467      404      439      403      471     1274
      471      400      467     1273      471      417
      454     1273      468     1269      476      371
      472