   834587

      469      377      496      380      495      371
      513      331      499      371      499    25356
     3549     1681      470     1273      472      368
      503      371      498      377      494     1246
      499      346      498      373      497      371
      499      376      467     1270      476      371
      498     1242      499     1247      471      398
      499     1253      484     1251      470     1269
      498     1242      499     1246      499      372
      468      376      498     1244      496      376
      494      376      499      345      498      371
      500      371      499      376      468      372
      499      375      500      371      498      344
      497     1248      494      375      500     1241
      499      374      497      375      445      398
      498     1243      497     1257      463      396
      499      371      499      345      494      376
      499      376      494      349      472      398
      499      371      499      372      472      371
      499      376      506      364      517      327
      498      372      498      372      499      376
      467     1274      444     1296      472     1269
      473      386      483     1246      498      372
      499     1244      495     1247      498    34889
     3544     1686      493     1245      498      376
      467      378      471      397      499     1242
      498      376      493      349      500      371
      499      371      498     1247      494      375
      468     1285      461     1269      471      377
      494     1246      498     1242      499     1246
      494     1258      487     1242      500      374
      494      377      498     1242      499      345
      499      376      494      376      498      371
      472      370      499      371      498      376
      467      377      498      371      499      371
      499      346      499     1245      493      377
      498      372      498      372      472      375
      497     1245      499      372      498     1246
      491      380      499      344      499      371
      498      372      499     1247      482     1259
      498     1238      498      381      466      375
      499     1241      500      371      499     1247
      493     1253      494      370      472      371
      499     1246      472      399      499      372
      499     1240      499      349      491     1263
      487     1241      499      371      499    34886
     3554     1677      498     1242      498      376
      495      372      472      375      499     1243
      498      371      498      376      495      349
      472      398      499     1239      502      371
      498     1247      499     1242      497      347
      497     1246      495     1242      504     1243
      496     1245      500     1242      498      372
      498      376      490     1252      498      371
      471      371      500      372      497      377
      472      371      499      372      498      372
      499      373      470      375      496      375
      498      373      498      344      498      373
      498      376      494      376      466      376
      499      396      476      371      471     1274
      478      365      497      372      498     1247
      494      375      472      372      496      375
      498      371      499      376      468     1273
      473      382      488     1241      498      376
      490     1251      498      372      499      344
      499      371      500      375      494      376
      448      396      509      361      535      335
      471      372      499      375      495     1246
      499     1242      498     1246      473     1276
      492      370      500     1245      494      349
      473     1269      497     1283      459     1246
      499     1253      486     1246      498      371
      499      372      498      372      467      381
      492      377      471      399      499      344
      499      372      500      380      495      372
      466      377      472      398      496      375
      471     1268      473     1272      473      371
      499      371      499      371      512      333
      498      373      498      375      500      371
      471      371      499      372      499      370
      499     1247      498     1240      503      343
      501      373      493      377      498      372
      472      372      498      370      500      376
      494      348      472      399      495      375
      499      345      498      372      498      378
      493      376      445      399      499      371
      499      371      498     1243      476      370
      499      371      500      371      499      371
      471      377      506     1236      496     1239
      503      376      494      375      498      345
      498      372      499      371      498      350
      495      375      472      409      489      367
      476      372      498      371      498      377
      494      349      472      398      499      372
      498      371      472      372      499     1241
      515      360      499     1241      499      376
      494     1247      499      345      499      371
      495