   930434

      496      372      447      397      502      370
      471      403      468      375      472    25384
     3553     1678      471     1268      497      378
      440      402      467      401      475     1269
      471      399      471      376      469      401
      468      402      471     1270      472      397
      443     1303      441     1299      474      372
      499     1243      469     1276      466     1273
      472     1272      472     1267      472      399
      498      377      440     1297      449      398
      471      398      473      398      473      376
      466      403      467      402      473      398
      444      399      472      394      477      403
      468     1273      471      371      473     1272
      467      403      472      398      472      435
      410     1296      470     1275      472      370
      472      397      473      397      446      398
      472      402      463      408      472      371
      472      399      471      400      470      404
      439      404      466      403      474      398
      472      370      495      377      471      399
      471     1274      471     1270      473     1267
      499      376      454     1283      449      398
      472     1269      498     1247      472    34906
     3523     1712      498     1241      496      375
      472      402      446      398      473     1268
      472      399      470      404      467      376
      467      403      468     1267      478      397
      499     1258      456     1273      472      398
      446     1295      472     1273      446     1294
      473     1272      471     1270      474      367
      475      398      472     1273      495      375
      473      371      472      398      472      398
      472      399      471      374      469      405
      467      402      441      402      472      398
      472      398      472     1273      468      376
      467      403      470      402      470      399
      445     1296      471      377      467     1273
      471      399      499      376      467      376
      467      404      471     1268      499     1246
      468     1273      499      372      470      395
      451     1299      440      403      471     1269
      472     1286      482      376      471      397
      447     1295      471      371      473      402
      467     1273      472      399      471     1287
      451     1277      471      372      471    34912
     3517     1715      470     1274      467      402
      467      403      472      399      445     1292
      476      375      468      403      466      403
      473      371      474     1267      472      402
      467     1269      477     1269      471      403
      470     1271      472     1267      499     1242
      476     1269      472     1268      499      349
      468      402      467     1272      499      372
      474      401      439      405      466      403
      472      398      473      371      472      397
      499      376      468      403      442      400
      475      398      472      398      473      371
      472      399      470      403      468      376
      467      403      472      399      471     1263
      478      400      443      402      472     1268
      473      398      472      403      468      375
      467      404      468      402      471      399
      445     1294      485     1261      445      398
      472     1269      492      384      466      403
      471      374      470      399      472      398
      472      403      440      415      455      403
      472      398      445      395      475     1272
      468     1272      474     1272      493     1247
      485      407      450     1269      471      404
      467     1272      472     1273      467     1274
      472     1281      486     1246      467      376
      472      400      471      397      473      398
      444      403      464      408      467      403
      472      369      474      398      484      386
      471      399      444      404      467      403
      468     1269      477     1268      497      377
      441      403      471      398      473      412
      459      370      473      397      472      400
      471      403      440      403      472      398
      474     1266      473     1273      472      397
      487      358      472      398      472      398
      472      403      440      403      466      404
      472      398      445      398      473      397
      471      404      463      381      466      403
      476      394      472      399      445      402
      468      403      468     1272      473      398
      499      345      471      402      468      403
      467      403      446     1296      445     1301
      438      404      467      400      475      398
      472      372      471      398      472      404
      467      375      467      404      483      388
      470      400      443      398      470      406
      467      403      472      371      473      397
      472      398      472      403      441      403
      467     1286      454     1274      471      403
      467     1274      471      398      473      371
      499