  1780551

      473      403      442      402      469      398
      499      371      472      376      468    25392
     3513     1710      497     1247      483      388
      441      402      498      371      499     1245
      473      398      472      372      472      397
      500      375      468     1269      477      397
      442     1304      466     1273      472      371
      473     1272      494     1243      503     1241
      508     1236      499     1241      499      371
      499      376      468     1273      471      372
      498      372      499      375      472      371
      475      396      471      399      499      375
      463      381      467      403      472      398
      499     1241      500      348      494     1247
      472      400      470      399      499      377
      465     1273      471     1268      472      376
      495      375      467      404      473      372
      471      397      473      398      498      350
      467      402      472      399      471      399
      471      372      499      375      468      403
      468      375      473      397      473      397
      499     1246      495     1246      472     1269
      496      380      465     1275      443      399
      472     1268      510     1234      471    34914
     3523     1707      469     1269      477      398
      471      398      445      400      471     1273
      472      398      471      398      473      370
      473      402      467     1273      473      397
      473     1272      468     1274      470      400
      441     1316      455     1273      445     1295
      473     1267      472     1271      475      371
      473      398      498     1257      457      403
      472      371      472      398      499      371
      499      372      444      402      473      398
      472      399      444      399      471      403
      467      405      470     1268      498      351
      494      375      467      403      472      398
      445     1296      472      376      466     1274
      498      371      496     1250      467     1272
      473      397      499      345      471     1274
      472     1264      504      369      500      375
      469     1272      498      372      471     1273
      441     1297      475      371      499      372
      498     1257      462      398      445     1295
      471      377      467     1269      503      371
      473     1272      469      401      473    34910
     3519     1713      497     1245      471      371
      468      403      472      398      472     1273
      467      404      444      398      472      398
      473      398      509     1232      473      376
      470     1268      499     1247      493      376
      499     1241      499     1242      474     1271
      498     1242      499     1246      472      398
      499      373      472     1244      495      375
      472      399      471      399      444      399
      498      376      468      402      472      372
      468      402      472      397      501      375
      440      403      471      399      472      398
      472      372      498      375      467      403
      469      403      443      398      499     1246
      494      377      472      398      444     1296
      473      372      499      372      470     1273
      498      371      499      345      499     1246
      472     1269      499     1242      510      364
      467     1273      499      371      498      377
      468      375      467      404      471      398
      495      348      498      372      499      376
      494      387      430      403      472     1268
      499     1245      472     1270      497     1247
      494      376      472     1280      489      370
      472     1269      449     1295      471     1273
      445     1295      472     1284      456      371
      504      369      499      371      499      344
      499      376      468      403      471      400
      471      372      472      398      498      376
      495      349      465      406      498      371
      499     1242      498     1246      499      371
      473      372      494      381      493      376
      440      402      501      381      489      370
      499      344      499      376      494      376
      499     1238      503     1245      494      375
      472      372      499      371      510      361
      497      350      495      375      472      395
      503      371      471      372      499      371
      499      376      494      350      471      398
      500      371      472      371      502      369
      499      375      495     1246      498      372
      472      371      499      376      494      376
      472      371      499     1239      502     1246
      495      375      471      398      499      372
      471      372      499      376      494      376
      509      336      470      400      498      372
      498      345      496      378      494      376
      472      398      472      371      499      372
      498      372      499      349      467     1275
      498     1241      498     1246      499      372
      498     1237      504     1245      499      371
      499