  1141170

      438      405      467      424      482      373
      466      375      510      360      468    25385
     3523     1710      443     1299      440      403
      471      404      467      403      494     1246
      467      399      449      403      467      415
      483      376      466     1273      445      402
      468     1273      467     1270      476      402
      468     1272      479     1261      472     1272
      467     1270      476     1272      468      402
      468      375      467     1278      471      401
      493      377      490      354      466      402
      468      403      472      403      467      376
      496      375      467      403      466      376
      473     1268      499      375      495     1246
      471      399      499      376      467      376
      494     1248      470     1269      498      388
      458      400      469      375      499      376
      493      376      494      349      467      403
      468      403      468      407      466      375
      495      375      469      402      479      365
      466      403      472      402      468      403
      467     1269      449     1301      440     1299
      441      402      472     1285      484      375
      495     1242      472     1277      493    34889
     3515     1715      466     1278      466      404
      440      402      495      388      452     1278
      471      403      467      376      467      403
      468      402      468     1273      473      401
      437     1305      451     1289      444      403
      493     1246      467     1274      472     1274
      494     1245      468     1284      488      375
      495      376      467     1269      503      348
      495      375      468      403      467      403
      440      403      472      403      478      393
      466      376      467      404      465      405
      471      372      471     1273      495      375
      468      403      470      400      443      404
      467     1269      472      402      468      403
      472     1273      494      349      467      403
      470      402      468     1268      503     1258
      483     1246      467      404      444      398
      499     1246      494      372      473     1272
      498     1247      495      375      467      376
      468      402      472     1298      470      375
      467     1274      471      371      499     1246
      507     1233      468      402      468    34920
     3546     1679      471     1276      467      403
      495      375      441      404      466     1274
      471      403      508      361      497      348
      467      403      467     1278      467      403
      495     1246      467     1274      472      401
      468     1284      431     1298      445     1300
      440     1300      443     1303      465      376
      468      402      483     1262      494      375
      468      376      467      403      471      404
      494      349      494      376      468      402
      468      402      445      399      498      390
      480      375      468      376      467      400
      475      398      499      376      467      376
      494      376      467      403      441     1304
      467      376      502      367      471     1272
      472      403      493      348      495      376
      467      403      467      401      450      400
      495      375      492      379      467     1288
      457     1273      494      349      494      376
      467      403      472      399      462      387
      493      375      495      375      469      376
      466      407      468      399      499     1246
      467     1269      476     1273      494     1246
      466      375      473     1285      482      376
      495     1242      477     1272      469     1271
      467     1273      472     1286      456      402
      468      403      439      403      498      377
      494      375      495      349      467      403
      468      402      501      375      464      380
      494      375      479      393      465      376
      467     1278      493     1247      467      403
      477      395      497      349      494      376
      494      377      494      374      443      402
      467      403      498      377      494      349
      494     1242      473     1278      466      402
      494      377      467      403      459      385
      471      399      498      412      459      349
      494      376      467      403      467      376
      472      399      499      376      494      375
      466      376      468      416      451      407
      498      349      495     1246      467      403
      467      403      499      375      468      375
      495      376      494     1246      485     1261
      493      377      494      350      467      403
      467      402      472      403      468      372
      499      375      495      375      440      403
      468      402      500      375      495      349
      495      376      467      403      466      402
      442      401      499      375      495      377
      493      349      468      403      468     1289
      482     1246      463      409      465      403
      441