  2677087

      496      351      495      373      477      396
      472      398      471      377      493    25361
     3528     1702      497     1245      495      349
      494      375      474      397      499     1258
      483      348      494      376      472      398
      498      376      467     1274      468      375
      473     1268      498     1257      483      376
      472     1269      498     1243      499     1245
      472     1273      494     1247      505      365
      473      372      467     1277      494      375
      495      376      472      398      445      398
      499      376      494      376      494      348
      516      353      474      397      499      372
      472     1273      467      376      495     1246
      472      403      494      372      472      375
      491     1262      460     1273      494      376
      494      376      472      372      471      399
      500      376      493      375      467      377
      493      376      472      410      488      344
      499      376      494      376      494      376
      441      404      469      400      498      376
      466     1274      467     1273      483     1262
      464      379      471     1269      499      376
      494     1246      495     1246      498    34885
     3521     1707      497     1250      472      399
      499      341      499      376      494     1246
      472      398      499      371      472      376
      491      381      493     1260      458      398
      499     1246      494     1246      472      371
      497     1250      493     1246      472     1284
      484     1244      472     1265      503      375
      494      376      494     1247      472      371
      499      371      499      387      484      375
      467      373      476      398      497      373
      498      349      495      376      494      376
      494      376      446     1299      467      377
      502      368      496      375      470      371
      499     1246      494      377      494      376
      471      372      472     1268      499      375
      494      387      461      398      472     1272
      468     1272      472      372      499      376
      494     1246      472      398      472     1284
      484     1246      473      370      472      394
      503      371      499      376      468     1272
      445     1296      471      390      481      376
      494     1242      502      375      494    34886
     3521     1710      470     1273      445      397
      500      375      494      377      493     1253
      493      343      499      376      494      376
      494      376      444     1295      472      376
      494     1242      476     1273      505      365
      494     1246      472     1273      495     1271
      448     1267      498     1247      471      411
      487      343      498     1247      494      376
      468      403      498      371      472      376
      494      376      494      376      472      372
      499      370      510      366      492      350
      490      381      494      375      472      398
      472      371      499      376      494      377
      494      348      472      400      471     1278
      490      374      495      376      467     1274
      471     1273      468     1273      445      395
      503      371      498      375      506      339
      494      375      472      398      499     1248
      494     1244      467      376      499      370
      499      377      494      375      467      376
      475      395      499      376      494      349
      496      375      468      403      470     1269
      498     1247      471     1269      510     1235
      494      377      444     1295      472      376
      495     1245      472     1269      499     1255
      487     1243      472     1272      495      376
      495      376      471      372      498      371
      499      376      495      349      493      376
      495      376      473      397      472      372
      499      375      496      375      495      348
      494     1242      504     1244      495      376
      494      376      472      398      472      371
      499      377      494      376      521      324
      469      399      498      371      500      374
      468     1274      444     1306      461      376
      494      372      499      375      446      397
      474      396      499      376      494      350
      494      376      471      399      472      397
      472      376      506      365      493      376
      471      372      472      398      498      377
      494      376      466     1274      472      371
      495      380      494      375      467      375
      474      398      500     1244      494     1246
      472      398      517      333      493      377
      493      376      471      398      472      371
      510      365      494      376      495      348
      472      399      472      398      499      376
      467      376      494      377      471      399
      444      398      499      375      495      375
      495      349      494      376      470      401
      498     1246      494     1246      474      396
      473