  1332861

      463      377      469      400      476      396
      498      345      499      376      468    25386
     3546     1683      470     1273      445      397
      472      399      510      365      440     1295
      451      396      473      398      498      376
      468      375      468     1273      472      398
      499     1243      475     1268      471      398
      499     1246      472     1269      471     1270
      471     1273      474     1273      493      376
      440      402      472     1269      498      376
      463      409      469      372      472      397
      473      399      471      414      430      402
      468      402      472      398      473      371
      468     1279      464      403      472     1268
      472      403      467      377      477      392
      472     1265      503     1246      471      399
      471      399      445      398      471      403
      468      404      466      375      472      406
      464      398      473      402      440      402
      468      402      472      399      472      370
      473      403      467      402      468      376
      464     1277      481     1264      467     1272
      472      399      471     1273      472      399
      472     1268      472     1273      472    34920
     3506     1717      469     1271      467      403
      441      399      476      397      473     1272
      467      403      467      376      472      398
      472      415      456     1272      470      401
      444     1300      439     1300      445      399
      471     1273      467     1270      476     1268
      472     1272      468     1272      472      403
      467      403      475     1267      443      414
      457      402      468      402      469      375
      467      402      472      402      468      404
      440      398      473      401      468      402
      473      375      469     1283      461      397
      473      397      472      402      441      403
      468     1273      471      398      472      398
      445      403      468     1284      457      402
      472      398      468      381      466     1273
      472     1270      471      404      465      404
      467     1273      480      392      443     1300
      440     1300      446      398      471      397
      473      403      467      376      467     1269
      476     1285      456      403      466      404
      467     1272      473      398      445    34922
     3511     1712      466     1274      471      398
      472      403      468      414      429     1301
      444      400      471      400      466      409
      466      375      464     1278      471      399
      472     1268      483     1263      471      395
      475     1273      467     1273      472     1268
      499     1247      468     1268      476      398
      444      399      472     1273      472      398
      471      400      472      370      472      399
      470      405      467      403      453      389
      472      398      472      400      443      400
      471      403      467      403      472      371
      469      402      471      398      472      404
      440      402      467      403      476     1268
      499      370      471      376      468     1273
      472     1272      467     1273      471      399
      485      384      472      404      440     1296
      450      397      472      398      499     1246
      468     1274      470      400      443      398
      477      399      467      403      471      373
      471      398      473      397      500      375
      440      403      467      405      470     1265
      503     1258      459     1267      499     1246
      467      403      472     1265      503      344
      500     1245      472     1279      488     1247
      468     1268      503     1241      499      376
      467      404      471      399      444      398
      472      398      472      404      440      399
      472      402      474      396      472      371
      472      398      472      402      467      405
      439     1301      443     1297      444      403
      471      399      472      398      472      371
      499      376      467      403      468      402
      445      399      468      403      472      402
      466     1289      457     1268      499      344
      471      404      467      403      472      368
      476      397      498      376      467      403
      445      398      483      388      498      371
      499      348      468      403      471      395
      476      398      447      394      500      372
      466      408      476     1273      491      350
      496      369      494      377      474      377
      467      398      472     1273      467     1274
      498      371      473      398      471      376
      482      391      469      400      470      372
      471      399      498      376      468      402
      445      399      472      398      470      399
      499      345      471      403      471      399
      472      371      472      398      499     1246
      472      398      499      371      472      376
      495     1245      470     1271      472      398
      499