  1176172

      464      403      470      374      475      402
      494      375      467      375      468    25387
     3546     1687      466     1278      467      402
      440      403      466      403      472     1281
      461      401      467      376      472      402
      467      404      467     1274      471      403
      439     1295      446     1298      457      390
      468     1272      473     1272      468     1269
      476     1272      467     1273      473      407
      464      401      440     1298      441      399
      476      403      467      402      467      376
      468      402      468      403      470      404
      441      402      480      390      467      434
      441     1272      468      376      467     1273
      472      403      466      403      467      403
      441     1311      435     1298      440      403
      472      401      469      402      468      376
      466      403      471      404      464      379
      467      402      467      403      479      391
      445      402      468      402      469      401
      469      375      467      404      470      399
      472     1272      467     1273      472     1285
      456      402      445     1296      445      401
      468     1273      471     1273      468    34924
     3508     1715      465     1285      460      402
      463      409      439      402      468     1277
      467      402      468      402      468      376
      472      402      467     1269      484      390
      473     1271      468     1271      472      402
      441     1301      440     1302      442     1312
      428     1299      445     1300      440      403
      467      404      471     1273      467      403
      467      375      472      403      480      391
      467      403      440      403      466      403
      468      408      439      403      468      402
      467      403      471     1273      466      376
      468      414      456      407      467      404
      439     1299      441      403      472     1273
      467      403      467     1277      466      400
      484      363      468      401      467     1277
      469     1271      468      405      470      404
      439     1296      444      403      471     1272
      470     1273      466      403      471      403
      442     1294      445      404      471     1272
      467     1287      457      400      471      404
      465     1270      471      376      471    34913
     3519     1712      467     1273      471      403
      467      403      467      403      452     1298
      436      402      467      404      466      405
      465      376      468     1273      472      403
      466     1273      468     1275      470      403
      466     1273      471     1274      467     1272
      500     1245      468     1282      462      376
      466      403      467     1273      472      398
      472      402      441      402      467      404
      466      403      472      376      469      412
      456      403      467      403      444      403
      467      400      472      401      467      376
      468      403      471      403      467      403
      441      402      467      404      483     1261
      464      407      439      403      471     1273
      466     1280      463     1279      465      404
      460      410      466      375      474      397
      467     1284      459      401      471     1274
      467     1270      474      404      439      403
      467      405      466      403      471      372
      471      403      467      403      467      403
      440      424      452      401      468     1274
      466     1277      467     1272      467     1278
      467      402      441     1299      446      398
      471     1274      467     1284      460     1269
      473     1272      472     1272      468      402
      467      403      467      377      471      403
      464      407      467      403      439      404
      470      399      474      401      467      376
      467      402      468      401      472      404
      440     1296      444     1312      432      403
      467      404      466      403      441      403
      471      399      471      408      463      375
      468      403      466      404      471      404
      439     1314      427     1304      440      403
      463      408      466      403      467      376
      472      402      469      402      469      400
      441      402      468      416      458      402
      464      380      467      402      468      402
      472      372      471      404      468      401
      469      401      441     1299      445      399
      484      390      467      403      472      371
      472      403      467     1272      467     1278
      467      399      472      402      440      402
      473      413      457      403      466      376
      467      403      472      399      471      376
      467      403      463      406      468      402
      445      402      467      403      468      402
      478      366      471      403      467      403
      467     1269      476      403      439      404
      466     1273      467     1277      469      402
      471