   822312

      442      404      468      406      464      402
      440      418      453      402      472    25358
     3518     1712      470     1273      469      401
      474      397      471      404      439     1301
      440      402      472      403      480      391
      439      403      467     1273      472      403
      467     1273      467     1277      469      408
      463     1281      463     1271      467     1274
      466     1279      466     1273      467      377
      468      400      467     1285      462      404
      470      403      444      395      467      401
      471      403      476      372      466      402
      468      403      467      402      445      403
      467     1291      450      402      492     1253
      466      403      441      402      471      402
      467     1273      468     1278      479      389
      469      376      467      402      468      403
      471      404      439      403      467      403
      467      403      471      377      467      444
      454      376      466      417      427      402
      471      403      494      376      440      404
      467     1277      493     1242      472     1277
      469      401      480     1260      471      403
      494     1246      464     1277      498    34885
     3520     1715      466     1272      467      377
      472      403      478      392      467     1272
      468      402      445      403      468      402
      468      404      466     1274      471      375
      467     1285      452     1277      470      403
      467     1274      467     1272      473     1272
      485     1256      481     1268      465      401
      469      375      471     1274      466      403
      467      403      471      403      440      403
      467      403      467      416      454      376
      473      402      468      402      467      403
      440      400      471     1277      466      404
      467      403      467      376      467      403
      483     1263      466      403      467     1273
      472      404      440     1299      440     1300
      445      403      468      415      451     1276
      472     1273      467      402      441      403
      467     1273      472      403      497     1243
      484     1262      466      402      469      376
      466     1277      467      403      468     1268
      473      402      472     1284      457      402
      441     1300      445      402      467    34916
     3526     1704      461     1279      470      402
      467      403      468      375      472     1286
      482      375      468      402      464      381
      470      403      468     1273      466      404
      472     1271      468     1272      480      388
      444     1300      445     1299      441     1301
      444     1299      442     1295      445      414
      461      402      467     1273      468      403
      467      376      472      402      469      402
      463      406      440      404      467      402
      473      402      480      364      467      403
      467      403      467      375      473      401
      467      405      467      402      441      402
      468      402      472      402      468     1289
      452      375      472      398      472     1269
      472      402      468      402      445     1300
      440      403      467      404      467      403
      485     1255      471      376      468     1272
      472     1274      466      403      468      402
      472      370      470      405      469      401
      468      402      442      402      467      402
      473      403      467      375      468     1273
      468     1278      466     1273      467     1276
      470      403      468     1271      469      402
      472     1272      467     1274      471     1274
      467     1273      470     1268      472      402
      441      402      467      403      472      403
      467      376      494      376      468      402
      469      430      419      401      467      402
      468      402      440      404      467      404
      471     1273      467     1273      463      407
      472      375      467      405      467      402
      467      402      445      404      466      403
      468      402      467      377      484      387
      471     1272      467     1286      454      403
      472      402      441      403      467      403
      467      399      445      402      472      403
      467      403      467      376      467      403
      467      403      485      389      441      402
      468      403      468      403      471      371
      472      403      467     1273      467      403
      471      403      441      403      467      415
      452      406      440     1305      440     1299
      440      403      467      403      472      403
      467      376      472      400      466      402
      480      391      446      397      473      403
      468      402      467      375      467      404
      467      403      472      398      446      401
      468      404      467      402      467      377
      468     1277      469      401      467     1307
      439     1272      467     1274      466      403
      471