  1018964

      464      377      463      429      446      403
      472      402      441      402      468    25394
     3508     1715      472     1271      467      376
      468      401      468      404      472     1269
      471      402      442      401      468      403
      468      402      472     1274      466      376
      468     1270      476     1272      467      403
      468     1272      472     1274      467     1272
      469     1273      471     1273      467      402
      469      375      468     1278      466      404
      462      410      466      402      440      403
      471      403      468      403      467      376
      467      403      469      401      468      402
      445     1301      440      403      479     1262
      471      403      467      403      467      376
      469     1268      476     1273      467      403
      467      402      468      386      457      403
      471      404      466      404      440      404
      467      403      467      402      473      371
      472      402      468      403      467      404
      440      403      479      391      468      403
      467     1278      467     1273      467     1278
      467      376      468     1272      482      401
      460     1273      467     1274      466    34915
     3521     1710      471     1272      468      403
      467      376      471      400      471     1286
      455      402      467      403      441      403
      472      402      468     1271      463      408
      471     1273      468     1272      466      379
      470     1273      468     1269      472     1277
      467     1273      467     1273      472      403
      467      403      468     1269      475      403
      441      402      468      402      470      400
      468      376      467      403      471      403
      468      372      483      391      466      403
      467      403      445     1296      446      402
      468      402      468      402      471      372
      469     1277      467      415      455      403
      471     1269      471     1274      467     1269
      476      403      440      403      469     1272
      480     1260      472      403      467      403
      467     1276      468      376      467     1273
      468     1273      471      414      457      402
      468      372      471     1273      472     1273
      468      403      466     1273      472      403
      467     1283      459      403      438    34946
     3524     1706      439     1300      445      403
      467      402      468      403      467     1269
      477      375      467      404      468      402
      467      403      440     1300      445      403
      467     1269      473     1276      467      403
      467     1286      455     1276      467     1270
      472     1272      472     1272      468      403
      440      404      471     1285      456      401
      464      407      471      371      473      402
      467      403      467      403      441      402
      473      401      469      402      469      375
      463      405      469      403      471      403
      441      402      467      403      467      404
      440      403      471      402      468     1268
      474      401      467      376      483     1261
      468      402      468      403      467     1274
      472      398      447      401      467     1273
      472     1285      456      401      469     1273
      472     1268      472      402      467      376
      468      402      472      403      467      404
      440      403      477      393      467      402
      475      369      472      403      466     1273
      468     1273      471     1274      467     1282
      464      397      472     1273      467      376
      468     1273      471     1273      467     1270
      476     1284      455     1273      473      397
      473      402      469      401      440      403
      469      402      467      402      472      376
      466      404      470      411      457      402
      442      401      473      398      472      402
      464     1278      466     1274      471      376
      467      403      467      403      478      365
      472      402      487      385      493      376
      440      403      468      402      472      403
      467     1273      467     1275      470      374
      472      400      467      403      466      403
      440      404      471      398      473      402
      468      376      467      404      466      404
      471      371      472      403      468      404
      467      402      441      402      468      402
      472      399      471     1273      466      379
      466      405      470      398      472      403
      441      403      478     1262      467     1277
      479      393      466      403      467      376
      468      403      472      397      471      403
      441      402      468      414      457      402
      441      399      475      403      467      403
      467      376      469      401      469      402
      472      403      440      403      467     1272
      481     1261      471      403      467     1273
      468     1273      472     1273      463      408
      467