  3742627

      467      373      469      400      478      400
      467      376      467      403      467    25387
     3530     1703      439     1300      457      387
      471      403      467      403      466     1276
      470      375      468      402      468      403
      467      404      439     1302      443      403
      466     1273      472     1290      451      403
      467     1269      476     1273      468     1272
      467     1278      468     1271      469      403
      462      381      470     1274      467      403
      467      403      466      404      445      403
      467      403      467      403      441      404
      467      401      469      406      468      375
      468     1273      467      403      468     1276
      468      402      468      402      441      402
      472     1285      456     1272      469      402
      472      402      467      376      467      404
      466      403      472      401      441      403
      467      403      467      414      430      402
      472      402      468      402      466      378
      467      403      471      404      467      401
      442     1299      440     1301      455     1286
      444      402      472     1273      467      403
      467     1272      472     1273      469    34927
     3521     1718      445     1273      472      403
      466      377      466      403      468     1273
      471      403      467      376      466      405
      467      402      473     1283      457      401
      440     1300      446     1299      436      408
      466     1278      467     1273      468     1284
      461     1273      470     1272      465      403
      473      402      467     1273      467      376
      468      403      472      403      467      399
      445      401      468      402      468      403
      472      371      471      402      468      404
      466      377      467     1305      441      401
      478      393      467      404      439      402
      472     1274      467      403      466     1274
      464      407      470     1274      468      387
      458      401      468      402      473     1272
      467     1270      471      403      440      404
      471     1273      467      403      477     1263
      471     1270      471      402      468      376
      468     1272      474      400      468     1273
      467     1302      442      404      466      404
      439     1300      445      402      468    34915
     3514     1720      465     1273      467      402
      479      397      441      405      465     1272
      467      403      472      403      467      375
      468      403      468     1269      472      402
      472     1273      466     1275      467      403
      442     1303      442     1293      446     1303
      441     1299      441     1299      442      403
      471      403      468     1273      466      403
      472      371      472      403      467      403
      467      376      469      401      480      392
      467      407      440      403      467      403
      468      402      468      376      467      403
      471      403      468      402      441      402
      469      403      466      415      461     1271
      468      375      468      402      468     1277
      468     1268      472     1273      472      402
      478      366      467      402      468      403
      468      402      445     1324      417     1299
      440     1305      440      403      468      413
      457      403      467      376      472      402
      464      408      466      402      440      404
      467      402      471      404      467     1273
      467     1286      456     1277      466     1273
      472      371      471     1274      467      403
      467     1270      476     1284      456     1273
      473     1271      469     1272      467      424
      451      375      468      402      468      402
      479      392      440      402      472      403
      467      402      470      375      467      402
      464      407      472      397      446      403
      467     1273      467     1285      461      401
      468      403      463      381      467      402
      467      403      472      404      440      402
      467      404      466      404      440      402
      471     1271      472     1272      471      398
      472      403      467      376      467      403
      468      402      472      402      440      404
      467      403      467      403      467      375
      472      404      467      402      467      403
      441      402      468      403      472      402
      437      408      465     1273      468      403
      473      402      467      375      467      403
      468      403      467     1268      477     1268
      472      403      444      399      472      402
      481      390      467      375      467      402
      473      402      468      403      440      402
      468      403      467      403      440      403
      472      403      468      402      468      386
      457      399      472      401      472      403
      440      403      468     1272      472      398
      473     1272      467     1270      489      385
      473