  4194442

      442      404      469      398      473      400
      471      372      472      403      464    25392
     3516     1711      445     1297      444      423
      447      401      473      397      472     1273
      467      376      467      403      472      403
      465      406      439     1312      430      402
      471     1273      467     1273      468      402
      471     1269      473     1270      473     1274
      466     1274      466     1278      467      403
      467      376      467     1274      471      403
      467      403      471      372      470      400
      469      402      469      406      440      404
      466      402      467      403      473      370
      472     1273      467      403      467     1276
      469      402      467      403      440      403
      467     1278      467     1273      466      405
      471      404      466      376      463      407
      467      402      472      376      467      403
      467      403      466      404      440      404
      470      404      468      402      466      377
      467      403      471      414      457      402
      440     1300      444     1300      441     1299
      445      401      469     1271      468      402
      484     1262      465     1270      476    34919
     3522     1696      477     1272      466      403
      440      402      472      403      468     1272
      472      395      476      371      471      403
      467      403      466     1274      471      405
      439     1299      441     1300      445      405
      465     1273      471     1268      472     1273
      471     1269      472     1272      473      397
      473      402      469     1270      471      372
      472      402      465      406      466      403
      440      403      468      403      471      403
      468      375      469      401      467      402
      472      371      472     1269      472      402
      468      402      472      403      440      403
      468     1272      472      398      471      407
      466     1273      471     1268      473      376
      466      404      466      403      470     1273
      463     1291      459      402      439      403
      467     1273      472      398      471     1274
      487     1253      472      402      468      376
      478      393      466     1276      468     1273
      467     1278      467      403      466      377
      467     1272      473      414      456    34912
     3522     1709      470     1272      464      406
      473      401      441      403      467     1272
      472      399      472      403      466      376
      467      406      473     1271      465      403
      467     1272      471     1273      469      401
      440     1301      445     1311      429     1300
      443     1302      443     1294      446      399
      472      401      467     1275      471      403
      439      404      468      402      467      403
      473      375      466      404      467      402
      467      403      441      403      471      403
      466      403      468      375      480      391
      468      401      473      402      437      408
      466      402      467      403      441     1300
      444      403      467      403      467     1289
      473     1257      467     1272      471      404
      467      376      468      403      467     1274
      470      399      472     1284      457     1276
      467     1272      467      402      445      399
      471      400      471      402      467      376
      467      403      472      414      457      402
      440      404      466      403      472     1272
      464     1277      471     1273      467     1272
      484      387      472     1272      481      363
      466     1277      468     1273      466     1279
      465     1286      455     1272      473      402
      467      403      467      375      468      403
      472      403      467      403      441      402
      467      416      463      395      484      363
      467      403      468      402      467      403
      445     1300      439     1305      411      428
      471      403      467      403      467      388
      455      404      471      404      466      376
      466      404      466      402      468      407
      441     1299      441     1299      445      403
      480      390      469      401      469      376
      469      406      465      403      467      403
      440      402      468      403      471      403
      468      376      467      403      467      402
      476      368      473      403      465      403
      467      404      440     1304      440      403
      468      402      467      404      466      377
      469      404      469     1271      468     1272
      473      402      467      402      441      402
      468      403      468      407      467      375
      468      403      467      403      483      391
      441      402      467      403      467      404
      439      402      473      403      467      403
      467      375      468      403      472     1272
      467      414      457     1272      472      398
      446     1298      440     1304      440      403
      467