   720166

      495      349      470      402      470      399
      470      403      439      403      472    25385
     3527     1697      449     1300      440      403
      466      405      466      404      470     1275
      467      375      467      403      467      403
      473      401      441     1300      440      403
      469     1273      471     1268      472      403
      467     1277      467     1274      467     1278
      466     1268      472     1273      471      403
      469      374      468     1272      473      402
      467      403      467      399      445      402
      467      403      472      403      467      375
      468      403      467      403      467      376
      472     1270      472      401      468     1272
      472      403      468      401      443      403
      466     1273      484     1257      471      401
      468      402      472      376      467      402
      468      403      467      403      414      430
      473      400      465      406      467      389
      455      402      472      399      471      376
      467      403      468      402      468      402
      442     1299      446     1299      440     1311
      434      402      468     1275      469      398
      472     1270      471     1271      473    34917
     3515     1713      466     1273      474      401
      467      375      469      402      493     1248
      472      398      473      402      440      403
      467      402      467     1273      471      404
      440     1296      449     1299      441      402
      467     1273      472     1273      467     1269
      477     1272      467     1273      472      398
      471      404      467     1274      468      375
      467      402      472      399      473      401
      441      402      469      402      467      402
      472      371      472      403      463      409
      466      403      439     1301      444      403
      467      403      479      392      440      402
      468     1269      477      402      468      402
      469      376      465     1274      472      402
      468      402      467     1269      477     1272
      472     1268      471      403      441      403
      467     1272      471      413      459     1283
      462     1267      472      403      467      375
      468      402      468      402      473     1268
      473     1272      472      410      433     1295
      444     1301      444      399      472    34913
     3526     1698      476     1273      467      404
      470      399      444      399      472     1276
      466      401      472      395      476      371
      472      402      468     1272      472      398
      500     1245      472     1282      484      373
      471     1273      470     1271      469     1273
      472     1269      467     1290      458      372
      498      371      499     1246      498      372
      499      344      499      375      531      340
      471      401      469      372      498      372
      510      364      467      376      499      371
      500      371      498      349      494      391
      457      397      499      372      471      372
      499      374      495      376      498     1253
      488      345      498      375      470     1271
      499      371      498      377      468      376
      470      400      499      372      470     1285
      450      381      498     1241      499     1246
      499     1241      499      376      494      375
      495      351      497      383      487      372
      499      372      470      376      495      374
      473      398      498      345      499     1242
      498     1246      499     1253      487     1246
      499      372      498     1274      467      375
      498     1243      499     1245      494     1259
      486     1242      495     1250      498      372
      471      372      498      372      499      376
      467      375      499      371      510      360
      520      324      499      375      494      376
      499      371      472      371      499      371
      499     1246      499     1237      504      386
      484      348      472      399      499      371
      500      370      471      376      494      376
      472      398      499      341      503      372
      498     1246      472     1268      499      371
      499      346      498      375      470      399
      495      376      471      372      498      375
      495      376      498      344      499      372
      501      370      498      375      470      375
      494      376      497      372      498      349
      494      376      472     1268      499      371
      499      349      494      376      499      368
      502      371      473     1272      471     1269
      472      371      499      375      495      376
      498      342      502      371      510      360
      498      376      468      376      471      399
      498      371      499      344      499      376
      494      376      495      349      499      371
      498      372      498      388      456     1273
      471      372      499     1246      468     1267
      505     1246      493      375      472      399
      511