  1987437

      495      378      472      370      504      369
      499      375      494      348      498    25356
     3548     1686      498     1241      499      382
      462      375      495      376      499     1241
      498      377      494      347      495      376
      498      371      499     1241      499      348
      500     1240      499     1245      495      375
      499     1242      526     1219      499     1240
      499     1251      469     1267      499      372
      498      378      466     1272      473      371
      498      372      498      376      494      350
      469      401      499      372      498      372
      472      370      497      377      471      399
      498     1242      499      348      495     1246
      499      371      499      372      499      349
      494     1247      498     1241      498      376
      495      375      499      371      469      376
      498      371      511      364      493      350
      498      371      499      372      498      371
      472      377      493      376      499      372
      499      343      499      371      498      376
      472     1280      488     1245      494     1242
      503      371      472     1273      444      400
      499     1240      501     1244      498    34889
     3551     1676      493     1250      494      375
      472      398      472      372      498     1247
      494      376      472      398      530      316
      497      370      498     1247      472      399
      497     1242      498     1246      499      369
      476     1280      460     1272      472     1268
      472     1272      467     1269      477      371
      499      372      498     1258      488      372
      497      345      498      371      499      376
      468      375      499      372      498      372
      498      376      467      375      496      376
      498      370      501     1247      489      354
      470      398      499      372      498      371
      472     1273      468      375      499      371
      499     1242      499     1246      498      371
      499      343      499      376      494     1246
      499     1243      499      375      497      359
      485     1241      499      376      471     1268
      499     1246      468      403      498      371
      472      371      498     1257      488     1242
      499     1245      494      376      497      372
      499     1245      499      344      499    34893
     3537     1687      496     1259      484      375
      471      398      502      370      470     1271
      468      376      472      398      499      371
      471      372      499     1248      467      401
      499     1242      498     1246      499      372
      498     1242      499     1243      503     1253
      486     1246      472     1268      498      345
      499      375      492     1250      497      372
      499      371      472      376      494      375
      473      398      499      344      498      371
      499      372      499      376      470      371
      500      371      499      371      472      375
      495      375      510      361      499      344
      498      372      499      376      471     1268
      499      371      472      376      494     1247
      498     1256      480     1251      497      372
      498      376      494      349      498      372
      497     1246      495     1242      503     1252
      488     1245      499      371      499      371
      471      376      494      376      499      368
      503      345      499      375      493      377
      498      354      489      371      499     1245
      472     1266      502     1245      472     1268
      499      370      500     1256      488      371
      473     1275      460     1283      470     1276
      462     1277      470     1284      447      380
      495      374      499      371      499      344
      499      376      494      376      499      371
      473      371      501      370      498      378
      492      348      510      361      498      371
      499     1246      494     1246      499      344
      497      380      491      376      498      371
      472      371      499      371      500      376
      493      348      499      372      498      372
      498     1243      498     1246      499      371
      471      372      499      376      494      379
      497      344      499      371      495      376
      499      348      494      377      498      371
      499      371      472      372      498      376
      495      400      477      341      500      372
      497      372      498     1246      498      372
      471      372      499      371      498      376
      495      348      499     1239      504     1247
      469      399      498      371      498      372
      472      371      500      374      495      376
      473      370      500      370      499      376
      494      350      506      365      498      370
      499      371      472      376      494      376
      494      376      499      344      498      372
      497     1247      499     1253      487      371
      500     1241      503     1242      499      376
      466